das.dll,482816,2,1347796085,2012-09-16T11:48:05.000Z,imports,msvcrt.dll,_XcptFilter,8ab0c55a78b0c18991acc62c13167ddd,d7e24a6611feba7f69e1261b00de4ab45019ee525b28f45f6ae20e6e11670d52,c:\Windows\System32\das.dll
das.dll,482816,2,1347796085,2012-09-16T11:48:05.000Z,imports,msvcrt.dll,__C_specific_handler,8ab0c55a78b0c18991acc62c13167ddd,d7e24a6611feba7f69e1261b00de4ab45019ee525b28f45f6ae20e6e11670d52,c:\Windows\System32\das.dll
das.dll,482816,2,1347796085,2012-09-16T11:48:05.000Z,imports,msvcrt.dll,__CxxFrameHandler3,8ab0c55a78b0c18991acc62c13167ddd,d7e24a6611feba7f69e1261b00de4ab45019ee525b28f45f6ae20e6e11670d52,c:\Windows\System32\das.dll
das.dll,482816,2,1347796085,2012-09-16T11:48:05.000Z,imports,msvcrt.dll,_amsg_exit,8ab0c55a78b0c18991acc62c13167ddd,d7e24a6611feba7f69e1261b00de4ab45019ee525b28f45f6ae20e6e11670d52,c:\Windows\System32\das.dll
das.dll,482816,2,1347796085,2012-09-16T11:48:05.000Z,imports,msvcrt.dll,_callnewh,8ab0c55a78b0c18991acc62c13167ddd,d7e24a6611feba7f69e1261b00de4ab45019ee525b28f45f6ae20e6e11670d52,c:\Windows\System32\das.dll
das.dll,482816,2,1347796085,2012-09-16T11:48:05.000Z,imports,msvcrt.dll,_initterm,8ab0c55a78b0c18991acc62c13167ddd,d7e24a6611feba7f69e1261b00de4ab45019ee525b28f45f6ae20e6e11670d52,c:\Windows\System32\das.dll
das.dll,482816,2,1347796085,2012-09-16T11:48:05.000Z,imports,msvcrt.dll,_purecall,8ab0c55a78b0c18991acc62c13167ddd,d7e24a6611feba7f69e1261b00de4ab45019ee525b28f45f6ae20e6e11670d52,c:\Windows\System32\das.dll
das.dll,482816,2,1347796085,2012-09-16T11:48:05.000Z,imports,msvcrt.dll,_resetstkoflw,8ab0c55a78b0c18991acc62c13167ddd,d7e24a6611feba7f69e1261b00de4ab45019ee525b28f45f6ae20e6e11670d52,c:\Windows\System32\das.dll
das.dll,482816,2,1347796085,2012-09-16T11:48:05.000Z,imports,msvcrt.dll,_time64,8ab0c55a78b0c18991acc62c13167ddd,d7e24a6611feba7f69e1261b00de4ab45019ee525b28f45f6ae20e6e11670d52,c:\Windows\System32\das.dll
das.dll,482816,2,1347796085,2012-09-16T11:48:05.000Z,imports,msvcrt.dll,_ultow_s,8ab0c55a78b0c18991acc62c13167ddd,d7e24a6611feba7f69e1261b00de4ab45019ee525b28f45f6ae20e6e11670d52,c:\Windows\System32\das.dll
das.dll,482816,2,1347796085,2012-09-16T11:48:05.000Z,imports,msvcrt.dll,_vsnwprintf,8ab0c55a78b0c18991acc62c13167ddd,d7e24a6611feba7f69e1261b00de4ab45019ee525b28f45f6ae20e6e11670d52,c:\Windows\System32\das.dll
das.dll,482816,2,1347796085,2012-09-16T11:48:05.000Z,imports,msvcrt.dll,_wcsicmp,8ab0c55a78b0c18991acc62c13167ddd,d7e24a6611feba7f69e1261b00de4ab45019ee525b28f45f6ae20e6e11670d52,c:\Windows\System32\das.dll
das.dll,482816,2,1347796085,2012-09-16T11:48:05.000Z,imports,msvcrt.dll,_wcsnicmp,8ab0c55a78b0c18991acc62c13167ddd,d7e24a6611feba7f69e1261b00de4ab45019ee525b28f45f6ae20e6e11670d52,c:\Windows\System32\das.dll
das.dll,482816,2,1347796085,2012-09-16T11:48:05.000Z,imports,msvcrt.dll,free,8ab0c55a78b0c18991acc62c13167ddd,d7e24a6611feba7f69e1261b00de4ab45019ee525b28f45f6ae20e6e11670d52,c:\Windows\System32\das.dll
das.dll,482816,2,1347796085,2012-09-16T11:48:05.000Z,imports,msvcrt.dll,malloc,8ab0c55a78b0c18991acc62c13167ddd,d7e24a6611feba7f69e1261b00de4ab45019ee525b28f45f6ae20e6e11670d52,c:\Windows\System32\das.dll
das.dll,482816,2,1347796085,2012-09-16T11:48:05.000Z,imports,msvcrt.dll,memcmp,8ab0c55a78b0c18991acc62c13167ddd,d7e24a6611feba7f69e1261b00de4ab45019ee525b28f45f6ae20e6e11670d52,c:\Windows\System32\das.dll
das.dll,482816,2,1347796085,2012-09-16T11:48:05.000Z,imports,msvcrt.dll,memcpy,8ab0c55a78b0c18991acc62c13167ddd,d7e24a6611feba7f69e1261b00de4ab45019ee525b28f45f6ae20e6e11670d52,c:\Windows\System32\das.dll
das.dll,482816,2,1347796085,2012-09-16T11:48:05.000Z,imports,msvcrt.dll,memmove,8ab0c55a78b0c18991acc62c13167ddd,d7e24a6611feba7f69e1261b00de4ab45019ee525b28f45f6ae20e6e11670d52,c:\Windows\System32\das.dll
das.dll,482816,2,1347796085,2012-09-16T11:48:05.000Z,imports,msvcrt.dll,memmove_s,8ab0c55a78b0c18991acc62c13167ddd,d7e24a6611feba7f69e1261b00de4ab45019ee525b28f45f6ae20e6e11670d52,c:\Windows\System32\das.dll
das.dll,482816,2,1347796085,2012-09-16T11:48:05.000Z,imports,msvcrt.dll,memset,8ab0c55a78b0c18991acc62c13167ddd,d7e24a6611feba7f69e1261b00de4ab45019ee525b28f45f6ae20e6e11670d52,c:\Windows\System32\das.dll
das.dll,482816,2,1347796085,2012-09-16T11:48:05.000Z,imports,msvcrt.dll,realloc,8ab0c55a78b0c18991acc62c13167ddd,d7e24a6611feba7f69e1261b00de4ab45019ee525b28f45f6ae20e6e11670d52,c:\Windows\System32\das.dll
das.dll,482816,2,1347796085,2012-09-16T11:48:05.000Z,imports,msvcrt.dll,swprintf_s,8ab0c55a78b0c18991acc62c13167ddd,d7e24a6611feba7f69e1261b00de4ab45019ee525b28f45f6ae20e6e11670d52,c:\Windows\System32\das.dll
das.dll,482816,2,1347796085,2012-09-16T11:48:05.000Z,imports,msvcrt.dll,wcschr,8ab0c55a78b0c18991acc62c13167ddd,d7e24a6611feba7f69e1261b00de4ab45019ee525b28f45f6ae20e6e11670d52,c:\Windows\System32\das.dll
das.dll,482816,2,1347796085,2012-09-16T11:48:05.000Z,imports,msvcrt.dll,wcscmp,8ab0c55a78b0c18991acc62c13167ddd,d7e24a6611feba7f69e1261b00de4ab45019ee525b28f45f6ae20e6e11670d52,c:\Windows\System32\das.dll
das.dll,482816,2,1347796085,2012-09-16T11:48:05.000Z,imports,msvcrt.dll,wcsrchr,8ab0c55a78b0c18991acc62c13167ddd,d7e24a6611feba7f69e1261b00de4ab45019ee525b28f45f6ae20e6e11670d52,c:\Windows\System32\das.dll
das.dll,482816,2,1347796085,2012-09-16T11:48:05.000Z,imports,msvcrt.dll,wcsstr,8ab0c55a78b0c18991acc62c13167ddd,d7e24a6611feba7f69e1261b00de4ab45019ee525b28f45f6ae20e6e11670d52,c:\Windows\System32\das.dll
das.dll,482816,2,1347796085,2012-09-16T11:48:05.000Z,imports,msvcrt.dll,wcstoul,8ab0c55a78b0c18991acc62c13167ddd,d7e24a6611feba7f69e1261b00de4ab45019ee525b28f45f6ae20e6e11670d52,c:\Windows\System32\das.dll
das.dll,482816,2,1347796085,2012-09-16T11:48:05.000Z,imports,msvcrt.dll,wprintf,8ab0c55a78b0c18991acc62c13167ddd,d7e24a6611feba7f69e1261b00de4ab45019ee525b28f45f6ae20e6e11670d52,c:\Windows\System32\das.dll
das.dll,482816,2,1347796085,2012-09-16T11:48:05.000Z,imports,ntdll.dll,LdrGetDllHandle,8ab0c55a78b0c18991acc62c13167ddd,d7e24a6611feba7f69e1261b00de4ab45019ee525b28f45f6ae20e6e11670d52,c:\Windows\System32\das.dll
das.dll,482816,2,1347796085,2012-09-16T11:48:05.000Z,imports,ntdll.dll,LdrGetProcedureAddress,8ab0c55a78b0c18991acc62c13167ddd,d7e24a6611feba7f69e1261b00de4ab45019ee525b28f45f6ae20e6e11670d52,c:\Windows\System32\das.dll
das.dll,482816,2,1347796085,2012-09-16T11:48:05.000Z,imports,ntdll.dll,NtAdjustPrivilegesToken,8ab0c55a78b0c18991acc62c13167ddd,d7e24a6611feba7f69e1261b00de4ab45019ee525b28f45f6ae20e6e11670d52,c:\Windows\System32\das.dll
das.dll,482816,2,1347796085,2012-09-16T11:48:05.000Z,imports,ntdll.dll,NtClose,8ab0c55a78b0c18991acc62c13167ddd,d7e24a6611feba7f69e1261b00de4ab45019ee525b28f45f6ae20e6e11670d52,c:\Windows\System32\das.dll
das.dll,482816,2,1347796085,2012-09-16T11:48:05.000Z,imports,ntdll.dll,NtCreateKey,8ab0c55a78b0c18991acc62c13167ddd,d7e24a6611feba7f69e1261b00de4ab45019ee525b28f45f6ae20e6e11670d52,c:\Windows\System32\das.dll
das.dll,482816,2,1347796085,2012-09-16T11:48:05.000Z,imports,ntdll.dll,NtDeleteKey,8ab0c55a78b0c18991acc62c13167ddd,d7e24a6611feba7f69e1261b00de4ab45019ee525b28f45f6ae20e6e11670d52,c:\Windows\System32\das.dll
das.dll,482816,2,1347796085,2012-09-16T11:48:05.000Z,imports,ntdll.dll,NtDeleteValueKey,8ab0c55a78b0c18991acc62c13167ddd,d7e24a6611feba7f69e1261b00de4ab45019ee525b28f45f6ae20e6e11670d52,c:\Windows\System32\das.dll
das.dll,482816,2,1347796085,2012-09-16T11:48:05.000Z,imports,ntdll.dll,NtDuplicateToken,8ab0c55a78b0c18991acc62c13167ddd,d7e24a6611feba7f69e1261b00de4ab45019ee525b28f45f6ae20e6e11670d52,c:\Windows\System32\das.dll
das.dll,482816,2,1347796085,2012-09-16T11:48:05.000Z,imports,ntdll.dll,NtEnumerateKey,8ab0c55a78b0c18991acc62c13167ddd,d7e24a6611feba7f69e1261b00de4ab45019ee525b28f45f6ae20e6e11670d52,c:\Windows\System32\das.dll
das.dll,482816,2,1347796085,2012-09-16T11:48:05.000Z,imports,ntdll.dll,NtEnumerateValueKey,8ab0c55a78b0c18991acc62c13167ddd,d7e24a6611feba7f69e1261b00de4ab45019ee525b28f45f6ae20e6e11670d52,c:\Windows\System32\das.dll
das.dll,482816,2,1347796085,2012-09-16T11:48:05.000Z,imports,ntdll.dll,NtOpenKey,8ab0c55a78b0c18991acc62c13167ddd,d7e24a6611feba7f69e1261b00de4ab45019ee525b28f45f6ae20e6e11670d52,c:\Windows\System32\das.dll
das.dll,482816,2,1347796085,2012-09-16T11:48:05.000Z,imports,ntdll.dll,NtOpenProcessToken,8ab0c55a78b0c18991acc62c13167ddd,d7e24a6611feba7f69e1261b00de4ab45019ee525b28f45f6ae20e6e11670d52,c:\Windows\System32\das.dll
das.dll,482816,2,1347796085,2012-09-16T11:48:05.000Z,imports,ntdll.dll,NtOpenProcessTokenEx,8ab0c55a78b0c18991acc62c13167ddd,d7e24a6611feba7f69e1261b00de4ab45019ee525b28f45f6ae20e6e11670d52,c:\Windows\System32\das.dll
das.dll,482816,2,1347796085,2012-09-16T11:48:05.000Z,imports,ntdll.dll,NtOpenThreadToken,8ab0c55a78b0c18991acc62c13167ddd,d7e24a6611feba7f69e1261b00de4ab45019ee525b28f45f6ae20e6e11670d52,c:\Windows\System32\das.dll
das.dll,482816,2,1347796085,2012-09-16T11:48:05.000Z,imports,ntdll.dll,NtOpenThreadTokenEx,8ab0c55a78b0c18991acc62c13167ddd,d7e24a6611feba7f69e1261b00de4ab45019ee525b28f45f6ae20e6e11670d52,c:\Windows\System32\das.dll
das.dll,482816,2,1347796085,2012-09-16T11:48:05.000Z,imports,ntdll.dll,NtQueryInformationToken,8ab0c55a78b0c18991acc62c13167ddd,d7e24a6611feba7f69e1261b00de4ab45019ee525b28f45f6ae20e6e11670d52,c:\Windows\System32\das.dll
das.dll,482816,2,1347796085,2012-09-16T11:48:05.000Z,imports,ntdll.dll,NtQueryKey,8ab0c55a78b0c18991acc62c13167ddd,d7e24a6611feba7f69e1261b00de4ab45019ee525b28f45f6ae20e6e11670d52,c:\Windows\System32\das.dll
das.dll,482816,2,1347796085,2012-09-16T11:48:05.000Z,imports,ntdll.dll,NtQuerySecurityObject,8ab0c55a78b0c18991acc62c13167ddd,d7e24a6611feba7f69e1261b00de4ab45019ee525b28f45f6ae20e6e11670d52,c:\Windows\System32\das.dll
das.dll,482816,2,1347796085,2012-09-16T11:48:05.000Z,imports,ntdll.dll,NtQueryValueKey,8ab0c55a78b0c18991acc62c13167ddd,d7e24a6611feba7f69e1261b00de4ab45019ee525b28f45f6ae20e6e11670d52,c:\Windows\System32\das.dll
das.dll,482816,2,1347796085,2012-09-16T11:48:05.000Z,imports,ntdll.dll,NtSetInformationThread,8ab0c55a78b0c18991acc62c13167ddd,d7e24a6611feba7f69e1261b00de4ab45019ee525b28f45f6ae20e6e11670d52,c:\Windows\System32\das.dll
das.dll,482816,2,1347796085,2012-09-16T11:48:05.000Z,imports,ntdll.dll,NtSetSecurityObject,8ab0c55a78b0c18991acc62c13167ddd,d7e24a6611feba7f69e1261b00de4ab45019ee525b28f45f6ae20e6e11670d52,c:\Windows\System32\das.dll
das.dll,482816,2,1347796085,2012-09-16T11:48:05.000Z,imports,ntdll.dll,NtSetValueKey,8ab0c55a78b0c18991acc62c13167ddd,d7e24a6611feba7f69e1261b00de4ab45019ee525b28f45f6ae20e6e11670d52,c:\Windows\System32\das.dll
das.dll,482816,2,1347796085,2012-09-16T11:48:05.000Z,imports,ntdll.dll,RtlAbsoluteToSelfRelativeSD,8ab0c55a78b0c18991acc62c13167ddd,d7e24a6611feba7f69e1261b00de4ab45019ee525b28f45f6ae20e6e11670d52,c:\Windows\System32\das.dll
das.dll,482816,2,1347796085,2012-09-16T11:48:05.000Z,imports,ntdll.dll,RtlAcquireSRWLockExclusive,8ab0c55a78b0c18991acc62c13167ddd,d7e24a6611feba7f69e1261b00de4ab45019ee525b28f45f6ae20e6e11670d52,c:\Windows\System32\das.dll
das.dll,482816,2,1347796085,2012-09-16T11:48:05.000Z,imports,ntdll.dll,RtlAddAccessAllowedAce,8ab0c55a78b0c18991acc62c13167ddd,d7e24a6611feba7f69e1261b00de4ab45019ee525b28f45f6ae20e6e11670d52,c:\Windows\System32\das.dll
das.dll,482816,2,1347796085,2012-09-16T11:48:05.000Z,imports,ntdll.dll,RtlAddAccessAllowedAceEx,8ab0c55a78b0c18991acc62c13167ddd,d7e24a6611feba7f69e1261b00de4ab45019ee525b28f45f6ae20e6e11670d52,c:\Windows\System32\das.dll
das.dll,482816,2,1347796085,2012-09-16T11:48:05.000Z,imports,ntdll.dll,RtlAddAce,8ab0c55a78b0c18991acc62c13167ddd,d7e24a6611feba7f69e1261b00de4ab45019ee525b28f45f6ae20e6e11670d52,c:\Windows\System32\das.dll
das.dll,482816,2,1347796085,2012-09-16T11:48:05.000Z,imports,ntdll.dll,RtlAllocateHeap,8ab0c55a78b0c18991acc62c13167ddd,d7e24a6611feba7f69e1261b00de4ab45019ee525b28f45f6ae20e6e11670d52,c:\Windows\System32\das.dll
das.dll,482816,2,1347796085,2012-09-16T11:48:05.000Z,imports,ntdll.dll,RtlAppendUnicodeStringToString,8ab0c55a78b0c18991acc62c13167ddd,d7e24a6611feba7f69e1261b00de4ab45019ee525b28f45f6ae20e6e11670d52,c:\Windows\System32\das.dll
das.dll,482816,2,1347796085,2012-09-16T11:48:05.000Z,imports,ntdll.dll,RtlCaptureContext,8ab0c55a78b0c18991acc62c13167ddd,d7e24a6611feba7f69e1261b00de4ab45019ee525b28f45f6ae20e6e11670d52,c:\Windows\System32\das.dll
das.dll,482816,2,1347796085,2012-09-16T11:48:05.000Z,imports,ntdll.dll,RtlCompareMemory,8ab0c55a78b0c18991acc62c13167ddd,d7e24a6611feba7f69e1261b00de4ab45019ee525b28f45f6ae20e6e11670d52,c:\Windows\System32\das.dll
das.dll,482816,2,1347796085,2012-09-16T11:48:05.000Z,imports,ntdll.dll,RtlConvertSidToUnicodeString,8ab0c55a78b0c18991acc62c13167ddd,d7e24a6611feba7f69e1261b00de4ab45019ee525b28f45f6ae20e6e11670d52,c:\Windows\System32\das.dll
das.dll,482816,2,1347796085,2012-09-16T11:48:05.000Z,imports,ntdll.dll,RtlCopySid,8ab0c55a78b0c18991acc62c13167ddd,d7e24a6611feba7f69e1261b00de4ab45019ee525b28f45f6ae20e6e11670d52,c:\Windows\System32\das.dll
das.dll,482816,2,1347796085,2012-09-16T11:48:05.000Z,imports,ntdll.dll,RtlCreateAcl,8ab0c55a78b0c18991acc62c13167ddd,d7e24a6611feba7f69e1261b00de4ab45019ee525b28f45f6ae20e6e11670d52,c:\Windows\System32\das.dll
das.dll,482816,2,1347796085,2012-09-16T11:48:05.000Z,imports,ntdll.dll,RtlCreateSecurityDescriptor,8ab0c55a78b0c18991acc62c13167ddd,d7e24a6611feba7f69e1261b00de4ab45019ee525b28f45f6ae20e6e11670d52,c:\Windows\System32\das.dll
das.dll,482816,2,1347796085,2012-09-16T11:48:05.000Z,imports,ntdll.dll,RtlCreateUnicodeString,8ab0c55a78b0c18991acc62c13167ddd,d7e24a6611feba7f69e1261b00de4ab45019ee525b28f45f6ae20e6e11670d52,c:\Windows\System32\das.dll
das.dll,482816,2,1347796085,2012-09-16T11:48:05.000Z,imports,ntdll.dll,RtlDeleteElementGenericTableAvl,8ab0c55a78b0c18991acc62c13167ddd,d7e24a6611feba7f69e1261b00de4ab45019ee525b28f45f6ae20e6e11670d52,c:\Windows\System32\das.dll
das.dll,482816,2,1347796085,2012-09-16T11:48:05.000Z,imports,ntdll.dll,RtlEnumerateGenericTableAvl,8ab0c55a78b0c18991acc62c13167ddd,d7e24a6611feba7f69e1261b00de4ab45019ee525b28f45f6ae20e6e11670d52,c:\Windows\System32\das.dll
das.dll,482816,2,1347796085,2012-09-16T11:48:05.000Z,imports,ntdll.dll,RtlEqualSid,8ab0c55a78b0c18991acc62c13167ddd,d7e24a6611feba7f69e1261b00de4ab45019ee525b28f45f6ae20e6e11670d52,c:\Windows\System32\das.dll
das.dll,482816,2,1347796085,2012-09-16T11:48:05.000Z,imports,ntdll.dll,RtlEqualUnicodeString,8ab0c55a78b0c18991acc62c13167ddd,d7e24a6611feba7f69e1261b00de4ab45019ee525b28f45f6ae20e6e11670d52,c:\Windows\System32\das.dll
das.dll,482816,2,1347796085,2012-09-16T11:48:05.000Z,imports,ntdll.dll,RtlFormatCurrentUserKeyPath,8ab0c55a78b0c18991acc62c13167ddd,d7e24a6611feba7f69e1261b00de4ab45019ee525b28f45f6ae20e6e11670d52,c:\Windows\System32\das.dll
das.dll,482816,2,1347796085,2012-09-16T11:48:05.000Z,imports,ntdll.dll,RtlFreeHeap,8ab0c55a78b0c18991acc62c13167ddd,d7e24a6611feba7f69e1261b00de4ab45019ee525b28f45f6ae20e6e11670d52,c:\Windows\System32\das.dll
das.dll,482816,2,1347796085,2012-09-16T11:48:05.000Z,imports,ntdll.dll,RtlFreeUnicodeString,8ab0c55a78b0c18991acc62c13167ddd,d7e24a6611feba7f69e1261b00de4ab45019ee525b28f45f6ae20e6e11670d52,c:\Windows\System32\das.dll
das.dll,482816,2,1347796085,2012-09-16T11:48:05.000Z,imports,ntdll.dll,RtlGUIDFromString,8ab0c55a78b0c18991acc62c13167ddd,d7e24a6611feba7f69e1261b00de4ab45019ee525b28f45f6ae20e6e11670d52,c:\Windows\System32\das.dll
das.dll,482816,2,1347796085,2012-09-16T11:48:05.000Z,imports,ntdll.dll,RtlGetDaclSecurityDescriptor,8ab0c55a78b0c18991acc62c13167ddd,d7e24a6611feba7f69e1261b00de4ab45019ee525b28f45f6ae20e6e11670d52,c:\Windows\System32\das.dll
das.dll,482816,2,1347796085,2012-09-16T11:48:05.000Z,imports,ntdll.dll,RtlGetGroupSecurityDescriptor,8ab0c55a78b0c18991acc62c13167ddd,d7e24a6611feba7f69e1261b00de4ab45019ee525b28f45f6ae20e6e11670d52,c:\Windows\System32\das.dll
das.dll,482816,2,1347796085,2012-09-16T11:48:05.000Z,imports,ntdll.dll,RtlGetOwnerSecurityDescriptor,8ab0c55a78b0c18991acc62c13167ddd,d7e24a6611feba7f69e1261b00de4ab45019ee525b28f45f6ae20e6e11670d52,c:\Windows\System32\das.dll
das.dll,482816,2,1347796085,2012-09-16T11:48:05.000Z,imports,ntdll.dll,RtlGetSaclSecurityDescriptor,8ab0c55a78b0c18991acc62c13167ddd,d7e24a6611feba7f69e1261b00de4ab45019ee525b28f45f6ae20e6e11670d52,c:\Windows\System32\das.dll
das.dll,482816,2,1347796085,2012-09-16T11:48:05.000Z,imports,ntdll.dll,RtlGetVersion,8ab0c55a78b0c18991acc62c13167ddd,d7e24a6611feba7f69e1261b00de4ab45019ee525b28f45f6ae20e6e11670d52,c:\Windows\System32\das.dll
das.dll,482816,2,1347796085,2012-09-16T11:48:05.000Z,imports,ntdll.dll,RtlInitAnsiString,8ab0c55a78b0c18991acc62c13167ddd,d7e24a6611feba7f69e1261b00de4ab45019ee525b28f45f6ae20e6e11670d52,c:\Windows\System32\das.dll
das.dll,482816,2,1347796085,2012-09-16T11:48:05.000Z,imports,ntdll.dll,RtlInitUnicodeString,8ab0c55a78b0c18991acc62c13167ddd,d7e24a6611feba7f69e1261b00de4ab45019ee525b28f45f6ae20e6e11670d52,c:\Windows\System32\das.dll
das.dll,482816,2,1347796085,2012-09-16T11:48:05.000Z,imports,ntdll.dll,RtlInitUnicodeStringEx,8ab0c55a78b0c18991acc62c13167ddd,d7e24a6611feba7f69e1261b00de4ab45019ee525b28f45f6ae20e6e11670d52,c:\Windows\System32\das.dll
das.dll,482816,2,1347796085,2012-09-16T11:48:05.000Z,imports,ntdll.dll,RtlInitializeGenericTableAvl,8ab0c55a78b0c18991acc62c13167ddd,d7e24a6611feba7f69e1261b00de4ab45019ee525b28f45f6ae20e6e11670d52,c:\Windows\System32\das.dll
das.dll,482816,2,1347796085,2012-09-16T11:48:05.000Z,imports,ntdll.dll,RtlInitializeSRWLock,8ab0c55a78b0c18991acc62c13167ddd,d7e24a6611feba7f69e1261b00de4ab45019ee525b28f45f6ae20e6e11670d52,c:\Windows\System32\das.dll
das.dll,482816,2,1347796085,2012-09-16T11:48:05.000Z,imports,ntdll.dll,RtlInitializeSid,8ab0c55a78b0c18991acc62c13167ddd,d7e24a6611feba7f69e1261b00de4ab45019ee525b28f45f6ae20e6e11670d52,c:\Windows\System32\das.dll
das.dll,482816,2,1347796085,2012-09-16T11:48:05.000Z,imports,ntdll.dll,RtlInsertElementGenericTableAvl,8ab0c55a78b0c18991acc62c13167ddd,d7e24a6611feba7f69e1261b00de4ab45019ee525b28f45f6ae20e6e11670d52,c:\Windows\System32\das.dll
das.dll,482816,2,1347796085,2012-09-16T11:48:05.000Z,imports,ntdll.dll,RtlLengthSecurityDescriptor,8ab0c55a78b0c18991acc62c13167ddd,d7e24a6611feba7f69e1261b00de4ab45019ee525b28f45f6ae20e6e11670d52,c:\Windows\System32\das.dll
das.dll,482816,2,1347796085,2012-09-16T11:48:05.000Z,imports,ntdll.dll,RtlLengthSid,8ab0c55a78b0c18991acc62c13167ddd,d7e24a6611feba7f69e1261b00de4ab45019ee525b28f45f6ae20e6e11670d52,c:\Windows\System32\das.dll
das.dll,482816,2,1347796085,2012-09-16T11:48:05.000Z,imports,ntdll.dll,RtlLookupElementGenericTableAvl,8ab0c55a78b0c18991acc62c13167ddd,d7e24a6611feba7f69e1261b00de4ab45019ee525b28f45f6ae20e6e11670d52,c:\Windows\System32\das.dll
das.dll,482816,2,1347796085,2012-09-16T11:48:05.000Z,imports,ntdll.dll,RtlLookupFunctionEntry,8ab0c55a78b0c18991acc62c13167ddd,d7e24a6611feba7f69e1261b00de4ab45019ee525b28f45f6ae20e6e11670d52,c:\Windows\System32\das.dll
das.dll,482816,2,1347796085,2012-09-16T11:48:05.000Z,imports,ntdll.dll,RtlNtStatusToDosError,8ab0c55a78b0c18991acc62c13167ddd,d7e24a6611feba7f69e1261b00de4ab45019ee525b28f45f6ae20e6e11670d52,c:\Windows\System32\das.dll
das.dll,482816,2,1347796085,2012-09-16T11:48:05.000Z,imports,ntdll.dll,RtlPrefixUnicodeString,8ab0c55a78b0c18991acc62c13167ddd,d7e24a6611feba7f69e1261b00de4ab45019ee525b28f45f6ae20e6e11670d52,c:\Windows\System32\das.dll
das.dll,482816,2,1347796085,2012-09-16T11:48:05.000Z,imports,ntdll.dll,RtlReleaseSRWLockExclusive,8ab0c55a78b0c18991acc62c13167ddd,d7e24a6611feba7f69e1261b00de4ab45019ee525b28f45f6ae20e6e11670d52,c:\Windows\System32\das.dll
das.dll,482816,2,1347796085,2012-09-16T11:48:05.000Z,imports,ntdll.dll,RtlSetDaclSecurityDescriptor,8ab0c55a78b0c18991acc62c13167ddd,d7e24a6611feba7f69e1261b00de4ab45019ee525b28f45f6ae20e6e11670d52,c:\Windows\System32\das.dll
das.dll,482816,2,1347796085,2012-09-16T11:48:05.000Z,imports,ntdll.dll,RtlSetGroupSecurityDescriptor,8ab0c55a78b0c18991acc62c13167ddd,d7e24a6611feba7f69e1261b00de4ab45019ee525b28f45f6ae20e6e11670d52,c:\Windows\System32\das.dll
das.dll,482816,2,1347796085,2012-09-16T11:48:05.000Z,imports,ntdll.dll,RtlSetOwnerSecurityDescriptor,8ab0c55a78b0c18991acc62c13167ddd,d7e24a6611feba7f69e1261b00de4ab45019ee525b28f45f6ae20e6e11670d52,c:\Windows\System32\das.dll
das.dll,482816,2,1347796085,2012-09-16T11:48:05.000Z,imports,ntdll.dll,RtlSubAuthoritySid,8ab0c55a78b0c18991acc62c13167ddd,d7e24a6611feba7f69e1261b00de4ab45019ee525b28f45f6ae20e6e11670d52,c:\Windows\System32\das.dll
das.dll,482816,2,1347796085,2012-09-16T11:48:05.000Z,imports,ntdll.dll,RtlTimeToTimeFields,8ab0c55a78b0c18991acc62c13167ddd,d7e24a6611feba7f69e1261b00de4ab45019ee525b28f45f6ae20e6e11670d52,c:\Windows\System32\das.dll
das.dll,482816,2,1347796085,2012-09-16T11:48:05.000Z,imports,ntdll.dll,RtlUnicodeStringToInteger,8ab0c55a78b0c18991acc62c13167ddd,d7e24a6611feba7f69e1261b00de4ab45019ee525b28f45f6ae20e6e11670d52,c:\Windows\System32\das.dll
das.dll,482816,2,1347796085,2012-09-16T11:48:05.000Z,imports,ntdll.dll,RtlValidRelativeSecurityDescriptor,8ab0c55a78b0c18991acc62c13167ddd,d7e24a6611feba7f69e1261b00de4ab45019ee525b28f45f6ae20e6e11670d52,c:\Windows\System32\das.dll
das.dll,482816,2,1347796085,2012-09-16T11:48:05.000Z,imports,ntdll.dll,RtlValidSecurityDescriptor,8ab0c55a78b0c18991acc62c13167ddd,d7e24a6611feba7f69e1261b00de4ab45019ee525b28f45f6ae20e6e11670d52,c:\Windows\System32\das.dll
das.dll,482816,2,1347796085,2012-09-16T11:48:05.000Z,imports,ntdll.dll,RtlValidSid,8ab0c55a78b0c18991acc62c13167ddd,d7e24a6611feba7f69e1261b00de4ab45019ee525b28f45f6ae20e6e11670d52,c:\Windows\System32\das.dll
das.dll,482816,2,1347796085,2012-09-16T11:48:05.000Z,imports,ntdll.dll,RtlVirtualUnwind,8ab0c55a78b0c18991acc62c13167ddd,d7e24a6611feba7f69e1261b00de4ab45019ee525b28f45f6ae20e6e11670d52,c:\Windows\System32\das.dll
das.dll,482816,2,1347796085,2012-09-16T11:48:05.000Z,imports,ntdll.dll,WinSqmIsOptedIn,8ab0c55a78b0c18991acc62c13167ddd,d7e24a6611feba7f69e1261b00de4ab45019ee525b28f45f6ae20e6e11670d52,c:\Windows\System32\das.dll
das.dll,482816,2,1347796085,2012-09-16T11:48:05.000Z,imports,ntdll.dll,WinSqmSetDWORD,8ab0c55a78b0c18991acc62c13167ddd,d7e24a6611feba7f69e1261b00de4ab45019ee525b28f45f6ae20e6e11670d52,c:\Windows\System32\das.dll
das.dll,482816,2,1347796085,2012-09-16T11:48:05.000Z,imports,rpcrt4.dll,I_RpcBindingInqLocalClientPID,8ab0c55a78b0c18991acc62c13167ddd,d7e24a6611feba7f69e1261b00de4ab45019ee525b28f45f6ae20e6e11670d52,c:\Windows\System32\das.dll
das.dll,482816,2,1347796085,2012-09-16T11:48:05.000Z,imports,rpcrt4.dll,I_RpcExceptionFilter,8ab0c55a78b0c18991acc62c13167ddd,d7e24a6611feba7f69e1261b00de4ab45019ee525b28f45f6ae20e6e11670d52,c:\Windows\System32\das.dll
das.dll,482816,2,1347796085,2012-09-16T11:48:05.000Z,imports,rpcrt4.dll,MesDecodeBufferHandleCreate,8ab0c55a78b0c18991acc62c13167ddd,d7e24a6611feba7f69e1261b00de4ab45019ee525b28f45f6ae20e6e11670d52,c:\Windows\System32\das.dll
das.dll,482816,2,1347796085,2012-09-16T11:48:05.000Z,imports,rpcrt4.dll,MesDecodeIncrementalHandleCreate,8ab0c55a78b0c18991acc62c13167ddd,d7e24a6611feba7f69e1261b00de4ab45019ee525b28f45f6ae20e6e11670d52,c:\Windows\System32\das.dll
das.dll,482816,2,1347796085,2012-09-16T11:48:05.000Z,imports,rpcrt4.dll,MesEncodeDynBufferHandleCreate,8ab0c55a78b0c18991acc62c13167ddd,d7e24a6611feba7f69e1261b00de4ab45019ee525b28f45f6ae20e6e11670d52,c:\Windows\System32\das.dll
das.dll,482816,2,1347796085,2012-09-16T11:48:05.000Z,imports,rpcrt4.dll,MesEncodeIncrementalHandleCreate,8ab0c55a78b0c18991acc62c13167ddd,d7e24a6611feba7f69e1261b00de4ab45019ee525b28f45f6ae20e6e11670d52,c:\Windows\System32\das.dll
das.dll,482816,2,1347796085,2012-09-16T11:48:05.000Z,imports,rpcrt4.dll,MesHandleFree,8ab0c55a78b0c18991acc62c13167ddd,d7e24a6611feba7f69e1261b00de4ab45019ee525b28f45f6ae20e6e11670d52,c:\Windows\System32\das.dll
das.dll,482816,2,1347796085,2012-09-16T11:48:05.000Z,imports,rpcrt4.dll,MesIncrementalHandleReset,8ab0c55a78b0c18991acc62c13167ddd,d7e24a6611feba7f69e1261b00de4ab45019ee525b28f45f6ae20e6e11670d52,c:\Windows\System32\das.dll
das.dll,482816,2,1347796085,2012-09-16T11:48:05.000Z,imports,rpcrt4.dll,Ndr64AsyncClientCall,8ab0c55a78b0c18991acc62c13167ddd,d7e24a6611feba7f69e1261b00de4ab45019ee525b28f45f6ae20e6e11670d52,c:\Windows\System32\das.dll
das.dll,482816,2,1347796085,2012-09-16T11:48:05.000Z,imports,rpcrt4.dll,Ndr64AsyncServerCallAll,8ab0c55a78b0c18991acc62c13167ddd,d7e24a6611feba7f69e1261b00de4ab45019ee525b28f45f6ae20e6e11670d52,c:\Windows\System32\das.dll
das.dll,482816,2,1347796085,2012-09-16T11:48:05.000Z,imports,rpcrt4.dll,NdrAsyncServerCall,8ab0c55a78b0c18991acc62c13167ddd,d7e24a6611feba7f69e1261b00de4ab45019ee525b28f45f6ae20e6e11670d52,c:\Windows\System32\das.dll
das.dll,482816,2,1347796085,2012-09-16T11:48:05.000Z,imports,rpcrt4.dll,NdrClientCall3,8ab0c55a78b0c18991acc62c13167ddd,d7e24a6611feba7f69e1261b00de4ab45019ee525b28f45f6ae20e6e11670d52,c:\Windows\System32\das.dll
das.dll,482816,2,1347796085,2012-09-16T11:48:05.000Z,imports,rpcrt4.dll,NdrMesTypeAlignSize3,8ab0c55a78b0c18991acc62c13167ddd,d7e24a6611feba7f69e1261b00de4ab45019ee525b28f45f6ae20e6e11670d52,c:\Windows\System32\das.dll
das.dll,482816,2,1347796085,2012-09-16T11:48:05.000Z,imports,rpcrt4.dll,NdrMesTypeDecode3,8ab0c55a78b0c18991acc62c13167ddd,d7e24a6611feba7f69e1261b00de4ab45019ee525b28f45f6ae20e6e11670d52,c:\Windows\System32\das.dll
das.dll,482816,2,1347796085,2012-09-16T11:48:05.000Z,imports,rpcrt4.dll,NdrMesTypeEncode3,8ab0c55a78b0c18991acc62c13167ddd,d7e24a6611feba7f69e1261b00de4ab45019ee525b28f45f6ae20e6e11670d52,c:\Windows\System32\das.dll
das.dll,482816,2,1347796085,2012-09-16T11:48:05.000Z,imports,rpcrt4.dll,NdrServerCall2,8ab0c55a78b0c18991acc62c13167ddd,d7e24a6611feba7f69e1261b00de4ab45019ee525b28f45f6ae20e6e11670d52,c:\Windows\System32\das.dll
das.dll,482816,2,1347796085,2012-09-16T11:48:05.000Z,imports,rpcrt4.dll,NdrServerCallAll,8ab0c55a78b0c18991acc62c13167ddd,d7e24a6611feba7f69e1261b00de4ab45019ee525b28f45f6ae20e6e11670d52,c:\Windows\System32\das.dll
das.dll,482816,2,1347796085,2012-09-16T11:48:05.000Z,imports,rpcrt4.dll,RpcAsyncAbortCall,8ab0c55a78b0c18991acc62c13167ddd,d7e24a6611feba7f69e1261b00de4ab45019ee525b28f45f6ae20e6e11670d52,c:\Windows\System32\das.dll
das.dll,482816,2,1347796085,2012-09-16T11:48:05.000Z,imports,rpcrt4.dll,RpcAsyncCompleteCall,8ab0c55a78b0c18991acc62c13167ddd,d7e24a6611feba7f69e1261b00de4ab45019ee525b28f45f6ae20e6e11670d52,c:\Windows\System32\das.dll
das.dll,482816,2,1347796085,2012-09-16T11:48:05.000Z,imports,rpcrt4.dll,RpcAsyncInitializeHandle,8ab0c55a78b0c18991acc62c13167ddd,d7e24a6611feba7f69e1261b00de4ab45019ee525b28f45f6ae20e6e11670d52,c:\Windows\System32\das.dll
das.dll,482816,2,1347796085,2012-09-16T11:48:05.000Z,imports,rpcrt4.dll,RpcBindingFree,8ab0c55a78b0c18991acc62c13167ddd,d7e24a6611feba7f69e1261b00de4ab45019ee525b28f45f6ae20e6e11670d52,c:\Windows\System32\das.dll
das.dll,482816,2,1347796085,2012-09-16T11:48:05.000Z,imports,rpcrt4.dll,RpcBindingFromStringBindingW,8ab0c55a78b0c18991acc62c13167ddd,d7e24a6611feba7f69e1261b00de4ab45019ee525b28f45f6ae20e6e11670d52,c:\Windows\System32\das.dll
das.dll,482816,2,1347796085,2012-09-16T11:48:05.000Z,imports,rpcrt4.dll,RpcBindingSetOption,8ab0c55a78b0c18991acc62c13167ddd,d7e24a6611feba7f69e1261b00de4ab45019ee525b28f45f6ae20e6e11670d52,c:\Windows\System32\das.dll
das.dll,482816,2,1347796085,2012-09-16T11:48:05.000Z,imports,rpcrt4.dll,RpcExceptionFilter,8ab0c55a78b0c18991acc62c13167ddd,d7e24a6611feba7f69e1261b00de4ab45019ee525b28f45f6ae20e6e11670d52,c:\Windows\System32\das.dll
das.dll,482816,2,1347796085,2012-09-16T11:48:05.000Z,imports,rpcrt4.dll,RpcImpersonateClient,8ab0c55a78b0c18991acc62c13167ddd,d7e24a6611feba7f69e1261b00de4ab45019ee525b28f45f6ae20e6e11670d52,c:\Windows\System32\das.dll
das.dll,482816,2,1347796085,2012-09-16T11:48:05.000Z,imports,rpcrt4.dll,RpcRevertToSelf,8ab0c55a78b0c18991acc62c13167ddd,d7e24a6611feba7f69e1261b00de4ab45019ee525b28f45f6ae20e6e11670d52,c:\Windows\System32\das.dll
das.dll,482816,2,1347796085,2012-09-16T11:48:05.000Z,imports,rpcrt4.dll,RpcServerInterfaceGroupActivate,8ab0c55a78b0c18991acc62c13167ddd,d7e24a6611feba7f69e1261b00de4ab45019ee525b28f45f6ae20e6e11670d52,c:\Windows\System32\das.dll
das.dll,482816,2,1347796085,2012-09-16T11:48:05.000Z,imports,rpcrt4.dll,RpcServerInterfaceGroupClose,8ab0c55a78b0c18991acc62c13167ddd,d7e24a6611feba7f69e1261b00de4ab45019ee525b28f45f6ae20e6e11670d52,c:\Windows\System32\das.dll
das.dll,482816,2,1347796085,2012-09-16T11:48:05.000Z,imports,rpcrt4.dll,RpcServerInterfaceGroupCreateW,8ab0c55a78b0c18991acc62c13167ddd,d7e24a6611feba7f69e1261b00de4ab45019ee525b28f45f6ae20e6e11670d52,c:\Windows\System32\das.dll
das.dll,482816,2,1347796085,2012-09-16T11:48:05.000Z,imports,rpcrt4.dll,RpcServerInterfaceGroupDeactivate,8ab0c55a78b0c18991acc62c13167ddd,d7e24a6611feba7f69e1261b00de4ab45019ee525b28f45f6ae20e6e11670d52,c:\Windows\System32\das.dll
das.dll,482816,2,1347796085,2012-09-16T11:48:05.000Z,imports,rpcrt4.dll,RpcServerSubscribeForNotification,8ab0c55a78b0c18991acc62c13167ddd,d7e24a6611feba7f69e1261b00de4ab45019ee525b28f45f6ae20e6e11670d52,c:\Windows\System32\das.dll
das.dll,482816,2,1347796085,2012-09-16T11:48:05.000Z,imports,rpcrt4.dll,RpcServerUnsubscribeForNotification,8ab0c55a78b0c18991acc62c13167ddd,d7e24a6611feba7f69e1261b00de4ab45019ee525b28f45f6ae20e6e11670d52,c:\Windows\System32\das.dll
das.dll,482816,2,1347796085,2012-09-16T11:48:05.000Z,imports,rpcrt4.dll,RpcSsDestroyClientContext,8ab0c55a78b0c18991acc62c13167ddd,d7e24a6611feba7f69e1261b00de4ab45019ee525b28f45f6ae20e6e11670d52,c:\Windows\System32\das.dll
das.dll,482816,2,1347796085,2012-09-16T11:48:05.000Z,imports,rpcrt4.dll,RpcStringBindingComposeW,8ab0c55a78b0c18991acc62c13167ddd,d7e24a6611feba7f69e1261b00de4ab45019ee525b28f45f6ae20e6e11670d52,c:\Windows\System32\das.dll
das.dll,482816,2,1347796085,2012-09-16T11:48:05.000Z,imports,rpcrt4.dll,RpcStringFreeW,8ab0c55a78b0c18991acc62c13167ddd,d7e24a6611feba7f69e1261b00de4ab45019ee525b28f45f6ae20e6e11670d52,c:\Windows\System32\das.dll
das.dll,482816,2,1347796085,2012-09-16T11:48:05.000Z,imports,rpcrt4.dll,UuidCreate,8ab0c55a78b0c18991acc62c13167ddd,d7e24a6611feba7f69e1261b00de4ab45019ee525b28f45f6ae20e6e11670d52,c:\Windows\System32\das.dll
das.dll,482816,2,1347796085,2012-09-16T11:48:05.000Z,imports,rpcrt4.dll,UuidFromStringW,8ab0c55a78b0c18991acc62c13167ddd,d7e24a6611feba7f69e1261b00de4ab45019ee525b28f45f6ae20e6e11670d52,c:\Windows\System32\das.dll
das.dll,482816,2,1347796085,2012-09-16T11:48:05.000Z,imports,api-ms-win-core-synch-l1-1-0.dll,AcquireSRWLockExclusive,8ab0c55a78b0c18991acc62c13167ddd,d7e24a6611feba7f69e1261b00de4ab45019ee525b28f45f6ae20e6e11670d52,c:\Windows\System32\das.dll
das.dll,482816,2,1347796085,2012-09-16T11:48:05.000Z,imports,api-ms-win-core-synch-l1-1-0.dll,AcquireSRWLockShared,8ab0c55a78b0c18991acc62c13167ddd,d7e24a6611feba7f69e1261b00de4ab45019ee525b28f45f6ae20e6e11670d52,c:\Windows\System32\das.dll
das.dll,482816,2,1347796085,2012-09-16T11:48:05.000Z,imports,api-ms-win-core-synch-l1-1-0.dll,CreateEventW,8ab0c55a78b0c18991acc62c13167ddd,d7e24a6611feba7f69e1261b00de4ab45019ee525b28f45f6ae20e6e11670d52,c:\Windows\System32\das.dll
das.dll,482816,2,1347796085,2012-09-16T11:48:05.000Z,imports,api-ms-win-core-synch-l1-1-0.dll,DeleteCriticalSection,8ab0c55a78b0c18991acc62c13167ddd,d7e24a6611feba7f69e1261b00de4ab45019ee525b28f45f6ae20e6e11670d52,c:\Windows\System32\das.dll
das.dll,482816,2,1347796085,2012-09-16T11:48:05.000Z,imports,api-ms-win-core-synch-l1-1-0.dll,EnterCriticalSection,8ab0c55a78b0c18991acc62c13167ddd,d7e24a6611feba7f69e1261b00de4ab45019ee525b28f45f6ae20e6e11670d52,c:\Windows\System32\das.dll
das.dll,482816,2,1347796085,2012-09-16T11:48:05.000Z,imports,api-ms-win-core-synch-l1-1-0.dll,InitializeCriticalSection,8ab0c55a78b0c18991acc62c13167ddd,d7e24a6611feba7f69e1261b00de4ab45019ee525b28f45f6ae20e6e11670d52,c:\Windows\System32\das.dll
das.dll,482816,2,1347796085,2012-09-16T11:48:05.000Z,imports,api-ms-win-core-synch-l1-1-0.dll,InitializeSRWLock,8ab0c55a78b0c18991acc62c13167ddd,d7e24a6611feba7f69e1261b00de4ab45019ee525b28f45f6ae20e6e11670d52,c:\Windows\System32\das.dll
das.dll,482816,2,1347796085,2012-09-16T11:48:05.000Z,imports,api-ms-win-core-synch-l1-1-0.dll,LeaveCriticalSection,8ab0c55a78b0c18991acc62c13167ddd,d7e24a6611feba7f69e1261b00de4ab45019ee525b28f45f6ae20e6e11670d52,c:\Windows\System32\das.dll
das.dll,482816,2,1347796085,2012-09-16T11:48:05.000Z,imports,api-ms-win-core-synch-l1-1-0.dll,OpenEventW,8ab0c55a78b0c18991acc62c13167ddd,d7e24a6611feba7f69e1261b00de4ab45019ee525b28f45f6ae20e6e11670d52,c:\Windows\System32\das.dll
das.dll,482816,2,1347796085,2012-09-16T11:48:05.000Z,imports,api-ms-win-core-synch-l1-1-0.dll,ReleaseSRWLockExclusive,8ab0c55a78b0c18991acc62c13167ddd,d7e24a6611feba7f69e1261b00de4ab45019ee525b28f45f6ae20e6e11670d52,c:\Windows\System32\das.dll
das.dll,482816,2,1347796085,2012-09-16T11:48:05.000Z,imports,api-ms-win-core-synch-l1-1-0.dll,ReleaseSRWLockShared,8ab0c55a78b0c18991acc62c13167ddd,d7e24a6611feba7f69e1261b00de4ab45019ee525b28f45f6ae20e6e11670d52,c:\Windows\System32\das.dll
das.dll,482816,2,1347796085,2012-09-16T11:48:05.000Z,imports,api-ms-win-core-synch-l1-1-0.dll,ResetEvent,8ab0c55a78b0c18991acc62c13167ddd,d7e24a6611feba7f69e1261b00de4ab45019ee525b28f45f6ae20e6e11670d52,c:\Windows\System32\das.dll
das.dll,482816,2,1347796085,2012-09-16T11:48:05.000Z,imports,api-ms-win-core-synch-l1-1-0.dll,SetEvent,8ab0c55a78b0c18991acc62c13167ddd,d7e24a6611feba7f69e1261b00de4ab45019ee525b28f45f6ae20e6e11670d52,c:\Windows\System32\das.dll
das.dll,482816,2,1347796085,2012-09-16T11:48:05.000Z,imports,api-ms-win-core-synch-l1-1-0.dll,SleepEx,8ab0c55a78b0c18991acc62c13167ddd,d7e24a6611feba7f69e1261b00de4ab45019ee525b28f45f6ae20e6e11670d52,c:\Windows\System32\das.dll
das.dll,482816,2,1347796085,2012-09-16T11:48:05.000Z,imports,api-ms-win-core-synch-l1-1-0.dll,WaitForSingleObject,8ab0c55a78b0c18991acc62c13167ddd,d7e24a6611feba7f69e1261b00de4ab45019ee525b28f45f6ae20e6e11670d52,c:\Windows\System32\das.dll
das.dll,482816,2,1347796085,2012-09-16T11:48:05.000Z,imports,api-ms-win-core-synch-l1-1-0.dll,WaitForSingleObjectEx,8ab0c55a78b0c18991acc62c13167ddd,d7e24a6611feba7f69e1261b00de4ab45019ee525b28f45f6ae20e6e11670d52,c:\Windows\System32\das.dll
das.dll,482816,2,1347796085,2012-09-16T11:48:05.000Z,imports,api-ms-win-core-heap-l1-1-0.dll,GetProcessHeap,8ab0c55a78b0c18991acc62c13167ddd,d7e24a6611feba7f69e1261b00de4ab45019ee525b28f45f6ae20e6e11670d52,c:\Windows\System32\das.dll
das.dll,482816,2,1347796085,2012-09-16T11:48:05.000Z,imports,api-ms-win-core-heap-l1-1-0.dll,HeapAlloc,8ab0c55a78b0c18991acc62c13167ddd,d7e24a6611feba7f69e1261b00de4ab45019ee525b28f45f6ae20e6e11670d52,c:\Windows\System32\das.dll
das.dll,482816,2,1347796085,2012-09-16T11:48:05.000Z,imports,api-ms-win-core-heap-l1-1-0.dll,HeapFree,8ab0c55a78b0c18991acc62c13167ddd,d7e24a6611feba7f69e1261b00de4ab45019ee525b28f45f6ae20e6e11670d52,c:\Windows\System32\das.dll
das.dll,482816,2,1347796085,2012-09-16T11:48:05.000Z,imports,api-ms-win-devices-swdevice-l1-1-0.dll,SwDeviceClose,8ab0c55a78b0c18991acc62c13167ddd,d7e24a6611feba7f69e1261b00de4ab45019ee525b28f45f6ae20e6e11670d52,c:\Windows\System32\das.dll
das.dll,482816,2,1347796085,2012-09-16T11:48:05.000Z,imports,api-ms-win-devices-swdevice-l1-1-0.dll,SwDeviceCreate,8ab0c55a78b0c18991acc62c13167ddd,d7e24a6611feba7f69e1261b00de4ab45019ee525b28f45f6ae20e6e11670d52,c:\Windows\System32\das.dll
das.dll,482816,2,1347796085,2012-09-16T11:48:05.000Z,imports,api-ms-win-devices-swdevice-l1-1-0.dll,SwDeviceInterfacePropertySet,8ab0c55a78b0c18991acc62c13167ddd,d7e24a6611feba7f69e1261b00de4ab45019ee525b28f45f6ae20e6e11670d52,c:\Windows\System32\das.dll
das.dll,482816,2,1347796085,2012-09-16T11:48:05.000Z,imports,api-ms-win-devices-swdevice-l1-1-0.dll,SwDeviceInterfaceRegister,8ab0c55a78b0c18991acc62c13167ddd,d7e24a6611feba7f69e1261b00de4ab45019ee525b28f45f6ae20e6e11670d52,c:\Windows\System32\das.dll
das.dll,482816,2,1347796085,2012-09-16T11:48:05.000Z,imports,api-ms-win-devices-swdevice-l1-1-0.dll,SwDeviceInterfaceSetState,8ab0c55a78b0c18991acc62c13167ddd,d7e24a6611feba7f69e1261b00de4ab45019ee525b28f45f6ae20e6e11670d52,c:\Windows\System32\das.dll
das.dll,482816,2,1347796085,2012-09-16T11:48:05.000Z,imports,api-ms-win-devices-swdevice-l1-1-0.dll,SwDevicePropertySet,8ab0c55a78b0c18991acc62c13167ddd,d7e24a6611feba7f69e1261b00de4ab45019ee525b28f45f6ae20e6e11670d52,c:\Windows\System32\das.dll
das.dll,482816,2,1347796085,2012-09-16T11:48:05.000Z,imports,api-ms-win-devices-swdevice-l1-1-0.dll,SwMemFree,8ab0c55a78b0c18991acc62c13167ddd,d7e24a6611feba7f69e1261b00de4ab45019ee525b28f45f6ae20e6e11670d52,c:\Windows\System32\das.dll
das.dll,482816,2,1347796085,2012-09-16T11:48:05.000Z,imports,api-ms-win-core-string-l1-1-0.dll,CompareStringOrdinal,8ab0c55a78b0c18991acc62c13167ddd,d7e24a6611feba7f69e1261b00de4ab45019ee525b28f45f6ae20e6e11670d52,c:\Windows\System32\das.dll
das.dll,482816,2,1347796085,2012-09-16T11:48:05.000Z,imports,api-ms-win-core-errorhandling-l1-1-0.dll,GetLastError,8ab0c55a78b0c18991acc62c13167ddd,d7e24a6611feba7f69e1261b00de4ab45019ee525b28f45f6ae20e6e11670d52,c:\Windows\System32\das.dll
das.dll,482816,2,1347796085,2012-09-16T11:48:05.000Z,imports,api-ms-win-core-errorhandling-l1-1-0.dll,RaiseException,8ab0c55a78b0c18991acc62c13167ddd,d7e24a6611feba7f69e1261b00de4ab45019ee525b28f45f6ae20e6e11670d52,c:\Windows\System32\das.dll
das.dll,482816,2,1347796085,2012-09-16T11:48:05.000Z,imports,api-ms-win-core-errorhandling-l1-1-0.dll,SetLastError,8ab0c55a78b0c18991acc62c13167ddd,d7e24a6611feba7f69e1261b00de4ab45019ee525b28f45f6ae20e6e11670d52,c:\Windows\System32\das.dll
das.dll,482816,2,1347796085,2012-09-16T11:48:05.000Z,imports,api-ms-win-core-errorhandling-l1-1-0.dll,SetUnhandledExceptionFilter,8ab0c55a78b0c18991acc62c13167ddd,d7e24a6611feba7f69e1261b00de4ab45019ee525b28f45f6ae20e6e11670d52,c:\Windows\System32\das.dll
das.dll,482816,2,1347796085,2012-09-16T11:48:05.000Z,imports,api-ms-win-core-errorhandling-l1-1-0.dll,UnhandledExceptionFilter,8ab0c55a78b0c18991acc62c13167ddd,d7e24a6611feba7f69e1261b00de4ab45019ee525b28f45f6ae20e6e11670d52,c:\Windows\System32\das.dll
das.dll,482816,2,1347796085,2012-09-16T11:48:05.000Z,imports,api-ms-win-core-handle-l1-1-0.dll,CloseHandle,8ab0c55a78b0c18991acc62c13167ddd,d7e24a6611feba7f69e1261b00de4ab45019ee525b28f45f6ae20e6e11670d52,c:\Windows\System32\das.dll
das.dll,482816,2,1347796085,2012-09-16T11:48:05.000Z,imports,api-ms-win-core-handle-l1-1-0.dll,DuplicateHandle,8ab0c55a78b0c18991acc62c13167ddd,d7e24a6611feba7f69e1261b00de4ab45019ee525b28f45f6ae20e6e11670d52,c:\Windows\System32\das.dll
das.dll,482816,2,1347796085,2012-09-16T11:48:05.000Z,imports,api-ms-win-eventing-provider-l1-1-0.dll,EventActivityIdControl,8ab0c55a78b0c18991acc62c13167ddd,d7e24a6611feba7f69e1261b00de4ab45019ee525b28f45f6ae20e6e11670d52,c:\Windows\System32\das.dll
das.dll,482816,2,1347796085,2012-09-16T11:48:05.000Z,imports,api-ms-win-eventing-provider-l1-1-0.dll,EventRegister,8ab0c55a78b0c18991acc62c13167ddd,d7e24a6611feba7f69e1261b00de4ab45019ee525b28f45f6ae20e6e11670d52,c:\Windows\System32\das.dll
das.dll,482816,2,1347796085,2012-09-16T11:48:05.000Z,imports,api-ms-win-eventing-provider-l1-1-0.dll,EventSetInformation,8ab0c55a78b0c18991acc62c13167ddd,d7e24a6611feba7f69e1261b00de4ab45019ee525b28f45f6ae20e6e11670d52,c:\Windows\System32\das.dll
das.dll,482816,2,1347796085,2012-09-16T11:48:05.000Z,imports,api-ms-win-eventing-provider-l1-1-0.dll,EventUnregister,8ab0c55a78b0c18991acc62c13167ddd,d7e24a6611feba7f69e1261b00de4ab45019ee525b28f45f6ae20e6e11670d52,c:\Windows\System32\das.dll
das.dll,482816,2,1347796085,2012-09-16T11:48:05.000Z,imports,api-ms-win-eventing-provider-l1-1-0.dll,EventWriteTransfer,8ab0c55a78b0c18991acc62c13167ddd,d7e24a6611feba7f69e1261b00de4ab45019ee525b28f45f6ae20e6e11670d52,c:\Windows\System32\das.dll
das.dll,482816,2,1347796085,2012-09-16T11:48:05.000Z,imports,api-ms-win-eventing-classicprovider-l1-1-0.dll,GetTraceEnableFlags,8ab0c55a78b0c18991acc62c13167ddd,d7e24a6611feba7f69e1261b00de4ab45019ee525b28f45f6ae20e6e11670d52,c:\Windows\System32\das.dll
das.dll,482816,2,1347796085,2012-09-16T11:48:05.000Z,imports,api-ms-win-eventing-classicprovider-l1-1-0.dll,GetTraceEnableLevel,8ab0c55a78b0c18991acc62c13167ddd,d7e24a6611feba7f69e1261b00de4ab45019ee525b28f45f6ae20e6e11670d52,c:\Windows\System32\das.dll
das.dll,482816,2,1347796085,2012-09-16T11:48:05.000Z,imports,api-ms-win-eventing-classicprovider-l1-1-0.dll,GetTraceLoggerHandle,8ab0c55a78b0c18991acc62c13167ddd,d7e24a6611feba7f69e1261b00de4ab45019ee525b28f45f6ae20e6e11670d52,c:\Windows\System32\das.dll
das.dll,482816,2,1347796085,2012-09-16T11:48:05.000Z,imports,api-ms-win-eventing-classicprovider-l1-1-0.dll,RegisterTraceGuidsW,8ab0c55a78b0c18991acc62c13167ddd,d7e24a6611feba7f69e1261b00de4ab45019ee525b28f45f6ae20e6e11670d52,c:\Windows\System32\das.dll
das.dll,482816,2,1347796085,2012-09-16T11:48:05.000Z,imports,api-ms-win-eventing-classicprovider-l1-1-0.dll,TraceMessage,8ab0c55a78b0c18991acc62c13167ddd,d7e24a6611feba7f69e1261b00de4ab45019ee525b28f45f6ae20e6e11670d52,c:\Windows\System32\das.dll
das.dll,482816,2,1347796085,2012-09-16T11:48:05.000Z,imports,api-ms-win-eventing-classicprovider-l1-1-0.dll,UnregisterTraceGuids,8ab0c55a78b0c18991acc62c13167ddd,d7e24a6611feba7f69e1261b00de4ab45019ee525b28f45f6ae20e6e11670d52,c:\Windows\System32\das.dll
das.dll,482816,2,1347796085,2012-09-16T11:48:05.000Z,imports,api-ms-win-core-libraryloader-l1-2-0.dll,DisableThreadLibraryCalls,8ab0c55a78b0c18991acc62c13167ddd,d7e24a6611feba7f69e1261b00de4ab45019ee525b28f45f6ae20e6e11670d52,c:\Windows\System32\das.dll
das.dll,482816,2,1347796085,2012-09-16T11:48:05.000Z,imports,api-ms-win-core-libraryloader-l1-2-0.dll,FreeLibrary,8ab0c55a78b0c18991acc62c13167ddd,d7e24a6611feba7f69e1261b00de4ab45019ee525b28f45f6ae20e6e11670d52,c:\Windows\System32\das.dll
das.dll,482816,2,1347796085,2012-09-16T11:48:05.000Z,imports,api-ms-win-core-libraryloader-l1-2-0.dll,GetModuleHandleExW,8ab0c55a78b0c18991acc62c13167ddd,d7e24a6611feba7f69e1261b00de4ab45019ee525b28f45f6ae20e6e11670d52,c:\Windows\System32\das.dll
das.dll,482816,2,1347796085,2012-09-16T11:48:05.000Z,imports,api-ms-win-core-libraryloader-l1-2-0.dll,GetProcAddress,8ab0c55a78b0c18991acc62c13167ddd,d7e24a6611feba7f69e1261b00de4ab45019ee525b28f45f6ae20e6e11670d52,c:\Windows\System32\das.dll
das.dll,482816,2,1347796085,2012-09-16T11:48:05.000Z,imports,api-ms-win-core-libraryloader-l1-2-0.dll,LoadLibraryExW,8ab0c55a78b0c18991acc62c13167ddd,d7e24a6611feba7f69e1261b00de4ab45019ee525b28f45f6ae20e6e11670d52,c:\Windows\System32\das.dll
das.dll,482816,2,1347796085,2012-09-16T11:48:05.000Z,imports,api-ms-win-security-base-l1-1-0.dll,AdjustTokenPrivileges,8ab0c55a78b0c18991acc62c13167ddd,d7e24a6611feba7f69e1261b00de4ab45019ee525b28f45f6ae20e6e11670d52,c:\Windows\System32\das.dll
das.dll,482816,2,1347796085,2012-09-16T11:48:05.000Z,imports,api-ms-win-security-base-l1-1-0.dll,AllocateAndInitializeSid,8ab0c55a78b0c18991acc62c13167ddd,d7e24a6611feba7f69e1261b00de4ab45019ee525b28f45f6ae20e6e11670d52,c:\Windows\System32\das.dll
das.dll,482816,2,1347796085,2012-09-16T11:48:05.000Z,imports,api-ms-win-security-base-l1-1-0.dll,CreateWellKnownSid,8ab0c55a78b0c18991acc62c13167ddd,d7e24a6611feba7f69e1261b00de4ab45019ee525b28f45f6ae20e6e11670d52,c:\Windows\System32\das.dll
das.dll,482816,2,1347796085,2012-09-16T11:48:05.000Z,imports,api-ms-win-security-base-l1-1-0.dll,DuplicateToken,8ab0c55a78b0c18991acc62c13167ddd,d7e24a6611feba7f69e1261b00de4ab45019ee525b28f45f6ae20e6e11670d52,c:\Windows\System32\das.dll
das.dll,482816,2,1347796085,2012-09-16T11:48:05.000Z,imports,api-ms-win-security-base-l1-1-0.dll,DuplicateTokenEx,8ab0c55a78b0c18991acc62c13167ddd,d7e24a6611feba7f69e1261b00de4ab45019ee525b28f45f6ae20e6e11670d52,c:\Windows\System32\das.dll
das.dll,482816,2,1347796085,2012-09-16T11:48:05.000Z,imports,api-ms-win-security-base-l1-1-0.dll,FreeSid,8ab0c55a78b0c18991acc62c13167ddd,d7e24a6611feba7f69e1261b00de4ab45019ee525b28f45f6ae20e6e11670d52,c:\Windows\System32\das.dll
das.dll,482816,2,1347796085,2012-09-16T11:48:05.000Z,imports,api-ms-win-security-base-l1-1-0.dll,GetKernelObjectSecurity,8ab0c55a78b0c18991acc62c13167ddd,d7e24a6611feba7f69e1261b00de4ab45019ee525b28f45f6ae20e6e11670d52,c:\Windows\System32\das.dll
das.dll,482816,2,1347796085,2012-09-16T11:48:05.000Z,imports,api-ms-win-security-base-l1-1-0.dll,GetTokenInformation,8ab0c55a78b0c18991acc62c13167ddd,d7e24a6611feba7f69e1261b00de4ab45019ee525b28f45f6ae20e6e11670d52,c:\Windows\System32\das.dll
das.dll,482816,2,1347796085,2012-09-16T11:48:05.000Z,imports,api-ms-win-security-base-l1-1-0.dll,ImpersonateLoggedOnUser,8ab0c55a78b0c18991acc62c13167ddd,d7e24a6611feba7f69e1261b00de4ab45019ee525b28f45f6ae20e6e11670d52,c:\Windows\System32\das.dll
das.dll,482816,2,1347796085,2012-09-16T11:48:05.000Z,imports,api-ms-win-security-base-l1-1-0.dll,InitializeSecurityDescriptor,8ab0c55a78b0c18991acc62c13167ddd,d7e24a6611feba7f69e1261b00de4ab45019ee525b28f45f6ae20e6e11670d52,c:\Windows\System32\das.dll
das.dll,482816,2,1347796085,2012-09-16T11:48:05.000Z,imports,api-ms-win-security-base-l1-1-0.dll,RevertToSelf,8ab0c55a78b0c18991acc62c13167ddd,d7e24a6611feba7f69e1261b00de4ab45019ee525b28f45f6ae20e6e11670d52,c:\Windows\System32\das.dll
das.dll,482816,2,1347796085,2012-09-16T11:48:05.000Z,imports,api-ms-win-security-base-l1-1-0.dll,SetSecurityDescriptorDacl,8ab0c55a78b0c18991acc62c13167ddd,d7e24a6611feba7f69e1261b00de4ab45019ee525b28f45f6ae20e6e11670d52,c:\Windows\System32\das.dll
das.dll,482816,2,1347796085,2012-09-16T11:48:05.000Z,imports,api-ms-win-security-base-l1-1-0.dll,SetSecurityDescriptorOwner,8ab0c55a78b0c18991acc62c13167ddd,d7e24a6611feba7f69e1261b00de4ab45019ee525b28f45f6ae20e6e11670d52,c:\Windows\System32\das.dll
das.dll,482816,2,1347796085,2012-09-16T11:48:05.000Z,imports,api-ms-win-core-processthreads-l1-1-0.dll,CreateProcessAsUserW,8ab0c55a78b0c18991acc62c13167ddd,d7e24a6611feba7f69e1261b00de4ab45019ee525b28f45f6ae20e6e11670d52,c:\Windows\System32\das.dll
das.dll,482816,2,1347796085,2012-09-16T11:48:05.000Z,imports,api-ms-win-core-processthreads-l1-1-0.dll,GetCurrentProcess,8ab0c55a78b0c18991acc62c13167ddd,d7e24a6611feba7f69e1261b00de4ab45019ee525b28f45f6ae20e6e11670d52,c:\Windows\System32\das.dll
das.dll,482816,2,1347796085,2012-09-16T11:48:05.000Z,imports,api-ms-win-core-processthreads-l1-1-0.dll,GetCurrentProcessId,8ab0c55a78b0c18991acc62c13167ddd,d7e24a6611feba7f69e1261b00de4ab45019ee525b28f45f6ae20e6e11670d52,c:\Windows\System32\das.dll
das.dll,482816,2,1347796085,2012-09-16T11:48:05.000Z,imports,api-ms-win-core-processthreads-l1-1-0.dll,GetCurrentThread,8ab0c55a78b0c18991acc62c13167ddd,d7e24a6611feba7f69e1261b00de4ab45019ee525b28f45f6ae20e6e11670d52,c:\Windows\System32\das.dll
das.dll,482816,2,1347796085,2012-09-16T11:48:05.000Z,imports,api-ms-win-core-processthreads-l1-1-0.dll,GetCurrentThreadId,8ab0c55a78b0c18991acc62c13167ddd,d7e24a6611feba7f69e1261b00de4ab45019ee525b28f45f6ae20e6e11670d52,c:\Windows\System32\das.dll
das.dll,482816,2,1347796085,2012-09-16T11:48:05.000Z,imports,api-ms-win-core-processthreads-l1-1-0.dll,GetExitCodeProcess,8ab0c55a78b0c18991acc62c13167ddd,d7e24a6611feba7f69e1261b00de4ab45019ee525b28f45f6ae20e6e11670d52,c:\Windows\System32\das.dll
das.dll,482816,2,1347796085,2012-09-16T11:48:05.000Z,imports,api-ms-win-core-processthreads-l1-1-0.dll,OpenProcessToken,8ab0c55a78b0c18991acc62c13167ddd,d7e24a6611feba7f69e1261b00de4ab45019ee525b28f45f6ae20e6e11670d52,c:\Windows\System32\das.dll
das.dll,482816,2,1347796085,2012-09-16T11:48:05.000Z,imports,api-ms-win-core-processthreads-l1-1-0.dll,OpenThreadToken,8ab0c55a78b0c18991acc62c13167ddd,d7e24a6611feba7f69e1261b00de4ab45019ee525b28f45f6ae20e6e11670d52,c:\Windows\System32\das.dll
das.dll,482816,2,1347796085,2012-09-16T11:48:05.000Z,imports,api-ms-win-core-processthreads-l1-1-0.dll,SetThreadToken,8ab0c55a78b0c18991acc62c13167ddd,d7e24a6611feba7f69e1261b00de4ab45019ee525b28f45f6ae20e6e11670d52,c:\Windows\System32\das.dll
das.dll,482816,2,1347796085,2012-09-16T11:48:05.000Z,imports,api-ms-win-core-processthreads-l1-1-0.dll,TerminateProcess,8ab0c55a78b0c18991acc62c13167ddd,d7e24a6611feba7f69e1261b00de4ab45019ee525b28f45f6ae20e6e11670d52,c:\Windows\System32\das.dll
das.dll,482816,2,1347796085,2012-09-16T11:48:05.000Z,imports,api-ms-win-core-psapi-l1-1-0.dll,K32GetModuleFileNameExW,8ab0c55a78b0c18991acc62c13167ddd,d7e24a6611feba7f69e1261b00de4ab45019ee525b28f45f6ae20e6e11670d52,c:\Windows\System32\das.dll
das.dll,482816,2,1347796085,2012-09-16T11:48:05.000Z,imports,api-ms-win-core-processthreads-l1-1-1.dll,OpenProcess,8ab0c55a78b0c18991acc62c13167ddd,d7e24a6611feba7f69e1261b00de4ab45019ee525b28f45f6ae20e6e11670d52,c:\Windows\System32\das.dll
das.dll,482816,2,1347796085,2012-09-16T11:48:05.000Z,imports,api-ms-win-core-registry-l1-1-0.dll,RegCloseKey,8ab0c55a78b0c18991acc62c13167ddd,d7e24a6611feba7f69e1261b00de4ab45019ee525b28f45f6ae20e6e11670d52,c:\Windows\System32\das.dll
das.dll,482816,2,1347796085,2012-09-16T11:48:05.000Z,imports,api-ms-win-core-registry-l1-1-0.dll,RegEnumKeyExW,8ab0c55a78b0c18991acc62c13167ddd,d7e24a6611feba7f69e1261b00de4ab45019ee525b28f45f6ae20e6e11670d52,c:\Windows\System32\das.dll
das.dll,482816,2,1347796085,2012-09-16T11:48:05.000Z,imports,api-ms-win-core-registry-l1-1-0.dll,RegGetValueW,8ab0c55a78b0c18991acc62c13167ddd,d7e24a6611feba7f69e1261b00de4ab45019ee525b28f45f6ae20e6e11670d52,c:\Windows\System32\das.dll
das.dll,482816,2,1347796085,2012-09-16T11:48:05.000Z,imports,api-ms-win-core-registry-l1-1-0.dll,RegOpenKeyExW,8ab0c55a78b0c18991acc62c13167ddd,d7e24a6611feba7f69e1261b00de4ab45019ee525b28f45f6ae20e6e11670d52,c:\Windows\System32\das.dll
das.dll,482816,2,1347796085,2012-09-16T11:48:05.000Z,imports,api-ms-win-core-com-l1-1-0.dll,CoCreateInstance,8ab0c55a78b0c18991acc62c13167ddd,d7e24a6611feba7f69e1261b00de4ab45019ee525b28f45f6ae20e6e11670d52,c:\Windows\System32\das.dll
das.dll,482816,2,1347796085,2012-09-16T11:48:05.000Z,imports,api-ms-win-core-com-l1-1-0.dll,CoGetApartmentType,8ab0c55a78b0c18991acc62c13167ddd,d7e24a6611feba7f69e1261b00de4ab45019ee525b28f45f6ae20e6e11670d52,c:\Windows\System32\das.dll
das.dll,482816,2,1347796085,2012-09-16T11:48:05.000Z,imports,api-ms-win-core-com-l1-1-0.dll,CoTaskMemAlloc,8ab0c55a78b0c18991acc62c13167ddd,d7e24a6611feba7f69e1261b00de4ab45019ee525b28f45f6ae20e6e11670d52,c:\Windows\System32\das.dll
das.dll,482816,2,1347796085,2012-09-16T11:48:05.000Z,imports,api-ms-win-core-com-l1-1-0.dll,PropVariantClear,8ab0c55a78b0c18991acc62c13167ddd,d7e24a6611feba7f69e1261b00de4ab45019ee525b28f45f6ae20e6e11670d52,c:\Windows\System32\das.dll
das.dll,482816,2,1347796085,2012-09-16T11:48:05.000Z,imports,api-ms-win-core-com-l1-1-0.dll,StringFromGUID2,8ab0c55a78b0c18991acc62c13167ddd,d7e24a6611feba7f69e1261b00de4ab45019ee525b28f45f6ae20e6e11670d52,c:\Windows\System32\das.dll
das.dll,482816,2,1347796085,2012-09-16T11:48:05.000Z,imports,api-ms-win-core-threadpool-l1-2-0.dll,CallbackMayRunLong,8ab0c55a78b0c18991acc62c13167ddd,d7e24a6611feba7f69e1261b00de4ab45019ee525b28f45f6ae20e6e11670d52,c:\Windows\System32\das.dll
das.dll,482816,2,1347796085,2012-09-16T11:48:05.000Z,imports,api-ms-win-core-threadpool-l1-2-0.dll,CloseThreadpoolCleanupGroup,8ab0c55a78b0c18991acc62c13167ddd,d7e24a6611feba7f69e1261b00de4ab45019ee525b28f45f6ae20e6e11670d52,c:\Windows\System32\das.dll
das.dll,482816,2,1347796085,2012-09-16T11:48:05.000Z,imports,api-ms-win-core-threadpool-l1-2-0.dll,CloseThreadpoolCleanupGroupMembers,8ab0c55a78b0c18991acc62c13167ddd,d7e24a6611feba7f69e1261b00de4ab45019ee525b28f45f6ae20e6e11670d52,c:\Windows\System32\das.dll
das.dll,482816,2,1347796085,2012-09-16T11:48:05.000Z,imports,api-ms-win-core-threadpool-l1-2-0.dll,CloseThreadpoolTimer,8ab0c55a78b0c18991acc62c13167ddd,d7e24a6611feba7f69e1261b00de4ab45019ee525b28f45f6ae20e6e11670d52,c:\Windows\System32\das.dll
das.dll,482816,2,1347796085,2012-09-16T11:48:05.000Z,imports,api-ms-win-core-threadpool-l1-2-0.dll,CloseThreadpoolWait,8ab0c55a78b0c18991acc62c13167ddd,d7e24a6611feba7f69e1261b00de4ab45019ee525b28f45f6ae20e6e11670d52,c:\Windows\System32\das.dll
das.dll,482816,2,1347796085,2012-09-16T11:48:05.000Z,imports,api-ms-win-core-threadpool-l1-2-0.dll,CloseThreadpoolWork,8ab0c55a78b0c18991acc62c13167ddd,d7e24a6611feba7f69e1261b00de4ab45019ee525b28f45f6ae20e6e11670d52,c:\Windows\System32\das.dll
das.dll,482816,2,1347796085,2012-09-16T11:48:05.000Z,imports,api-ms-win-core-threadpool-l1-2-0.dll,CreateThreadpoolCleanupGroup,8ab0c55a78b0c18991acc62c13167ddd,d7e24a6611feba7f69e1261b00de4ab45019ee525b28f45f6ae20e6e11670d52,c:\Windows\System32\das.dll
das.dll,482816,2,1347796085,2012-09-16T11:48:05.000Z,imports,api-ms-win-core-threadpool-l1-2-0.dll,CreateThreadpoolTimer,8ab0c55a78b0c18991acc62c13167ddd,d7e24a6611feba7f69e1261b00de4ab45019ee525b28f45f6ae20e6e11670d52,c:\Windows\System32\das.dll
das.dll,482816,2,1347796085,2012-09-16T11:48:05.000Z,imports,api-ms-win-core-threadpool-l1-2-0.dll,CreateThreadpoolWait,8ab0c55a78b0c18991acc62c13167ddd,d7e24a6611feba7f69e1261b00de4ab45019ee525b28f45f6ae20e6e11670d52,c:\Windows\System32\das.dll
das.dll,482816,2,1347796085,2012-09-16T11:48:05.000Z,imports,api-ms-win-core-threadpool-l1-2-0.dll,CreateThreadpoolWork,8ab0c55a78b0c18991acc62c13167ddd,d7e24a6611feba7f69e1261b00de4ab45019ee525b28f45f6ae20e6e11670d52,c:\Windows\System32\das.dll
das.dll,482816,2,1347796085,2012-09-16T11:48:05.000Z,imports,api-ms-win-core-threadpool-l1-2-0.dll,FreeLibraryWhenCallbackReturns,8ab0c55a78b0c18991acc62c13167ddd,d7e24a6611feba7f69e1261b00de4ab45019ee525b28f45f6ae20e6e11670d52,c:\Windows\System32\das.dll
das.dll,482816,2,1347796085,2012-09-16T11:48:05.000Z,imports,api-ms-win-core-threadpool-l1-2-0.dll,SetThreadpoolTimer,8ab0c55a78b0c18991acc62c13167ddd,d7e24a6611feba7f69e1261b00de4ab45019ee525b28f45f6ae20e6e11670d52,c:\Windows\System32\das.dll
das.dll,482816,2,1347796085,2012-09-16T11:48:05.000Z,imports,api-ms-win-core-threadpool-l1-2-0.dll,SetThreadpoolWait,8ab0c55a78b0c18991acc62c13167ddd,d7e24a6611feba7f69e1261b00de4ab45019ee525b28f45f6ae20e6e11670d52,c:\Windows\System32\das.dll
das.dll,482816,2,1347796085,2012-09-16T11:48:05.000Z,imports,api-ms-win-core-threadpool-l1-2-0.dll,SubmitThreadpoolWork,8ab0c55a78b0c18991acc62c13167ddd,d7e24a6611feba7f69e1261b00de4ab45019ee525b28f45f6ae20e6e11670d52,c:\Windows\System32\das.dll
das.dll,482816,2,1347796085,2012-09-16T11:48:05.000Z,imports,api-ms-win-core-threadpool-l1-2-0.dll,TrySubmitThreadpoolCallback,8ab0c55a78b0c18991acc62c13167ddd,d7e24a6611feba7f69e1261b00de4ab45019ee525b28f45f6ae20e6e11670d52,c:\Windows\System32\das.dll
das.dll,482816,2,1347796085,2012-09-16T11:48:05.000Z,imports,api-ms-win-core-threadpool-l1-2-0.dll,WaitForThreadpoolTimerCallbacks,8ab0c55a78b0c18991acc62c13167ddd,d7e24a6611feba7f69e1261b00de4ab45019ee525b28f45f6ae20e6e11670d52,c:\Windows\System32\das.dll
das.dll,482816,2,1347796085,2012-09-16T11:48:05.000Z,imports,api-ms-win-core-threadpool-l1-2-0.dll,WaitForThreadpoolWaitCallbacks,8ab0c55a78b0c18991acc62c13167ddd,d7e24a6611feba7f69e1261b00de4ab45019ee525b28f45f6ae20e6e11670d52,c:\Windows\System32\das.dll
das.dll,482816,2,1347796085,2012-09-16T11:48:05.000Z,imports,api-ms-win-core-threadpool-l1-2-0.dll,WaitForThreadpoolWorkCallbacks,8ab0c55a78b0c18991acc62c13167ddd,d7e24a6611feba7f69e1261b00de4ab45019ee525b28f45f6ae20e6e11670d52,c:\Windows\System32\das.dll
das.dll,482816,2,1347796085,2012-09-16T11:48:05.000Z,imports,api-ms-win-core-synch-l1-2-0.dll,Sleep,8ab0c55a78b0c18991acc62c13167ddd,d7e24a6611feba7f69e1261b00de4ab45019ee525b28f45f6ae20e6e11670d52,c:\Windows\System32\das.dll
das.dll,482816,2,1347796085,2012-09-16T11:48:05.000Z,imports,api-ms-win-core-interlocked-l1-1-0.dll,InitializeSListHead,8ab0c55a78b0c18991acc62c13167ddd,d7e24a6611feba7f69e1261b00de4ab45019ee525b28f45f6ae20e6e11670d52,c:\Windows\System32\das.dll
das.dll,482816,2,1347796085,2012-09-16T11:48:05.000Z,imports,api-ms-win-core-interlocked-l1-1-0.dll,InterlockedPopEntrySList,8ab0c55a78b0c18991acc62c13167ddd,d7e24a6611feba7f69e1261b00de4ab45019ee525b28f45f6ae20e6e11670d52,c:\Windows\System32\das.dll
das.dll,482816,2,1347796085,2012-09-16T11:48:05.000Z,imports,api-ms-win-core-interlocked-l1-1-0.dll,InterlockedPushEntrySList,8ab0c55a78b0c18991acc62c13167ddd,d7e24a6611feba7f69e1261b00de4ab45019ee525b28f45f6ae20e6e11670d52,c:\Windows\System32\das.dll
das.dll,482816,2,1347796085,2012-09-16T11:48:05.000Z,imports,api-ms-win-security-sddl-l1-1-0.dll,ConvertSecurityDescriptorToStringSecurityDescriptorW,8ab0c55a78b0c18991acc62c13167ddd,d7e24a6611feba7f69e1261b00de4ab45019ee525b28f45f6ae20e6e11670d52,c:\Windows\System32\das.dll
das.dll,482816,2,1347796085,2012-09-16T11:48:05.000Z,imports,api-ms-win-security-sddl-l1-1-0.dll,ConvertSidToStringSidW,8ab0c55a78b0c18991acc62c13167ddd,d7e24a6611feba7f69e1261b00de4ab45019ee525b28f45f6ae20e6e11670d52,c:\Windows\System32\das.dll
das.dll,482816,2,1347796085,2012-09-16T11:48:05.000Z,imports,api-ms-win-security-sddl-l1-1-0.dll,ConvertStringSecurityDescriptorToSecurityDescriptorW,8ab0c55a78b0c18991acc62c13167ddd,d7e24a6611feba7f69e1261b00de4ab45019ee525b28f45f6ae20e6e11670d52,c:\Windows\System32\das.dll
das.dll,482816,2,1347796085,2012-09-16T11:48:05.000Z,imports,api-ms-win-security-sddl-l1-1-0.dll,ConvertStringSidToSidW,8ab0c55a78b0c18991acc62c13167ddd,d7e24a6611feba7f69e1261b00de4ab45019ee525b28f45f6ae20e6e11670d52,c:\Windows\System32\das.dll
das.dll,482816,2,1347796085,2012-09-16T11:48:05.000Z,imports,api-ms-win-core-heap-l2-1-0.dll,LocalFree,8ab0c55a78b0c18991acc62c13167ddd,d7e24a6611feba7f69e1261b00de4ab45019ee525b28f45f6ae20e6e11670d52,c:\Windows\System32\das.dll
das.dll,482816,2,1347796085,2012-09-16T11:48:05.000Z,imports,api-ms-win-core-wow64-l1-1-0.dll,IsWow64Process,8ab0c55a78b0c18991acc62c13167ddd,d7e24a6611feba7f69e1261b00de4ab45019ee525b28f45f6ae20e6e11670d52,c:\Windows\System32\das.dll
das.dll,482816,2,1347796085,2012-09-16T11:48:05.000Z,imports,api-ms-win-service-management-l1-1-0.dll,CloseServiceHandle,8ab0c55a78b0c18991acc62c13167ddd,d7e24a6611feba7f69e1261b00de4ab45019ee525b28f45f6ae20e6e11670d52,c:\Windows\System32\das.dll
das.dll,482816,2,1347796085,2012-09-16T11:48:05.000Z,imports,api-ms-win-service-management-l1-1-0.dll,OpenSCManagerW,8ab0c55a78b0c18991acc62c13167ddd,d7e24a6611feba7f69e1261b00de4ab45019ee525b28f45f6ae20e6e11670d52,c:\Windows\System32\das.dll
das.dll,482816,2,1347796085,2012-09-16T11:48:05.000Z,imports,api-ms-win-service-management-l1-1-0.dll,OpenServiceW,8ab0c55a78b0c18991acc62c13167ddd,d7e24a6611feba7f69e1261b00de4ab45019ee525b28f45f6ae20e6e11670d52,c:\Windows\System32\das.dll
das.dll,482816,2,1347796085,2012-09-16T11:48:05.000Z,imports,api-ms-win-service-management-l2-1-0.dll,ChangeServiceConfigW,8ab0c55a78b0c18991acc62c13167ddd,d7e24a6611feba7f69e1261b00de4ab45019ee525b28f45f6ae20e6e11670d52,c:\Windows\System32\das.dll
das.dll,482816,2,1347796085,2012-09-16T11:48:05.000Z,imports,api-ms-win-service-core-l1-1-3.dll,GetServiceRegistryStateKey,8ab0c55a78b0c18991acc62c13167ddd,d7e24a6611feba7f69e1261b00de4ab45019ee525b28f45f6ae20e6e11670d52,c:\Windows\System32\das.dll
das.dll,482816,2,1347796085,2012-09-16T11:48:05.000Z,imports,api-ms-win-service-core-l1-1-0.dll,RegisterServiceCtrlHandlerExW,8ab0c55a78b0c18991acc62c13167ddd,d7e24a6611feba7f69e1261b00de4ab45019ee525b28f45f6ae20e6e11670d52,c:\Windows\System32\das.dll
das.dll,482816,2,1347796085,2012-09-16T11:48:05.000Z,imports,api-ms-win-service-core-l1-1-0.dll,SetServiceStatus,8ab0c55a78b0c18991acc62c13167ddd,d7e24a6611feba7f69e1261b00de4ab45019ee525b28f45f6ae20e6e11670d52,c:\Windows\System32\das.dll
das.dll,482816,2,1347796085,2012-09-16T11:48:05.000Z,imports,api-ms-win-core-winrt-string-l1-1-0.dll,WindowsCreateString,8ab0c55a78b0c18991acc62c13167ddd,d7e24a6611feba7f69e1261b00de4ab45019ee525b28f45f6ae20e6e11670d52,c:\Windows\System32\das.dll
das.dll,482816,2,1347796085,2012-09-16T11:48:05.000Z,imports,api-ms-win-core-winrt-string-l1-1-0.dll,WindowsCreateStringReference,8ab0c55a78b0c18991acc62c13167ddd,d7e24a6611feba7f69e1261b00de4ab45019ee525b28f45f6ae20e6e11670d52,c:\Windows\System32\das.dll
das.dll,482816,2,1347796085,2012-09-16T11:48:05.000Z,imports,api-ms-win-core-winrt-string-l1-1-0.dll,WindowsDeleteString,8ab0c55a78b0c18991acc62c13167ddd,d7e24a6611feba7f69e1261b00de4ab45019ee525b28f45f6ae20e6e11670d52,c:\Windows\System32\das.dll
das.dll,482816,2,1347796085,2012-09-16T11:48:05.000Z,imports,api-ms-win-core-winrt-string-l1-1-0.dll,WindowsDuplicateString,8ab0c55a78b0c18991acc62c13167ddd,d7e24a6611feba7f69e1261b00de4ab45019ee525b28f45f6ae20e6e11670d52,c:\Windows\System32\das.dll
das.dll,482816,2,1347796085,2012-09-16T11:48:05.000Z,imports,api-ms-win-core-winrt-string-l1-1-0.dll,WindowsGetStringRawBuffer,8ab0c55a78b0c18991acc62c13167ddd,d7e24a6611feba7f69e1261b00de4ab45019ee525b28f45f6ae20e6e11670d52,c:\Windows\System32\das.dll
das.dll,482816,2,1347796085,2012-09-16T11:48:05.000Z,imports,api-ms-win-core-winrt-error-l1-1-0.dll,RoOriginateError,8ab0c55a78b0c18991acc62c13167ddd,d7e24a6611feba7f69e1261b00de4ab45019ee525b28f45f6ae20e6e11670d52,c:\Windows\System32\das.dll
das.dll,482816,2,1347796085,2012-09-16T11:48:05.000Z,imports,api-ms-win-core-winrt-error-l1-1-0.dll,RoTransformError,8ab0c55a78b0c18991acc62c13167ddd,d7e24a6611feba7f69e1261b00de4ab45019ee525b28f45f6ae20e6e11670d52,c:\Windows\System32\das.dll
das.dll,482816,2,1347796085,2012-09-16T11:48:05.000Z,imports,api-ms-win-core-winrt-l1-1-0.dll,RoGetActivationFactory,8ab0c55a78b0c18991acc62c13167ddd,d7e24a6611feba7f69e1261b00de4ab45019ee525b28f45f6ae20e6e11670d52,c:\Windows\System32\das.dll
das.dll,482816,2,1347796085,2012-09-16T11:48:05.000Z,imports,api-ms-win-core-winrt-l1-1-0.dll,RoInitialize,8ab0c55a78b0c18991acc62c13167ddd,d7e24a6611feba7f69e1261b00de4ab45019ee525b28f45f6ae20e6e11670d52,c:\Windows\System32\das.dll
das.dll,482816,2,1347796085,2012-09-16T11:48:05.000Z,imports,api-ms-win-core-winrt-l1-1-0.dll,RoUninitialize,8ab0c55a78b0c18991acc62c13167ddd,d7e24a6611feba7f69e1261b00de4ab45019ee525b28f45f6ae20e6e11670d52,c:\Windows\System32\das.dll
das.dll,482816,2,1347796085,2012-09-16T11:48:05.000Z,imports,api-ms-win-core-profile-l1-1-0.dll,QueryPerformanceCounter,8ab0c55a78b0c18991acc62c13167ddd,d7e24a6611feba7f69e1261b00de4ab45019ee525b28f45f6ae20e6e11670d52,c:\Windows\System32\das.dll
das.dll,482816,2,1347796085,2012-09-16T11:48:05.000Z,imports,api-ms-win-core-sysinfo-l1-1-0.dll,GetSystemTimeAsFileTime,8ab0c55a78b0c18991acc62c13167ddd,d7e24a6611feba7f69e1261b00de4ab45019ee525b28f45f6ae20e6e11670d52,c:\Windows\System32\das.dll
das.dll,482816,2,1347796085,2012-09-16T11:48:05.000Z,imports,api-ms-win-core-sysinfo-l1-1-0.dll,GetSystemWindowsDirectoryW,8ab0c55a78b0c18991acc62c13167ddd,d7e24a6611feba7f69e1261b00de4ab45019ee525b28f45f6ae20e6e11670d52,c:\Windows\System32\das.dll
das.dll,482816,2,1347796085,2012-09-16T11:48:05.000Z,imports,api-ms-win-core-sysinfo-l1-1-0.dll,GetTickCount,8ab0c55a78b0c18991acc62c13167ddd,d7e24a6611feba7f69e1261b00de4ab45019ee525b28f45f6ae20e6e11670d52,c:\Windows\System32\das.dll
das.dll,482816,2,1347796085,2012-09-16T11:48:05.000Z,imports,api-ms-win-core-string-obsolete-l1-1-0.dll,lstrcmpiW,8ab0c55a78b0c18991acc62c13167ddd,d7e24a6611feba7f69e1261b00de4ab45019ee525b28f45f6ae20e6e11670d52,c:\Windows\System32\das.dll
das.dll,482816,2,1347796085,2012-09-16T11:48:05.000Z,imports,api-ms-win-core-apiquery-l1-1-0.dll,ApiSetQueryApiSetPresence,8ab0c55a78b0c18991acc62c13167ddd,d7e24a6611feba7f69e1261b00de4ab45019ee525b28f45f6ae20e6e11670d52,c:\Windows\System32\das.dll
das.dll,482816,2,1347796085,2012-09-16T11:48:05.000Z,imports,api-ms-win-appmodel-runtime-l1-1-1.dll,GetApplicationUserModelIdFromToken,8ab0c55a78b0c18991acc62c13167ddd,d7e24a6611feba7f69e1261b00de4ab45019ee525b28f45f6ae20e6e11670d52,c:\Windows\System32\das.dll
das.dll,482816,2,1347796085,2012-09-16T11:48:05.000Z,imports,rmclient.dll,RmAcquireResources,8ab0c55a78b0c18991acc62c13167ddd,d7e24a6611feba7f69e1261b00de4ab45019ee525b28f45f6ae20e6e11670d52,c:\Windows\System32\das.dll
das.dll,482816,2,1347796085,2012-09-16T11:48:05.000Z,imports,rmclient.dll,RmGetNotification,8ab0c55a78b0c18991acc62c13167ddd,d7e24a6611feba7f69e1261b00de4ab45019ee525b28f45f6ae20e6e11670d52,c:\Windows\System32\das.dll
das.dll,482816,2,1347796085,2012-09-16T11:48:05.000Z,imports,rmclient.dll,RmRegisterResource,8ab0c55a78b0c18991acc62c13167ddd,d7e24a6611feba7f69e1261b00de4ab45019ee525b28f45f6ae20e6e11670d52,c:\Windows\System32\das.dll
das.dll,482816,2,1347796085,2012-09-16T11:48:05.000Z,imports,rmclient.dll,RmReleaseResources,8ab0c55a78b0c18991acc62c13167ddd,d7e24a6611feba7f69e1261b00de4ab45019ee525b28f45f6ae20e6e11670d52,c:\Windows\System32\das.dll
das.dll,482816,2,1347796085,2012-09-16T11:48:05.000Z,imports,api-ms-win-core-processenvironment-l1-1-0.dll,ExpandEnvironmentStringsW,8ab0c55a78b0c18991acc62c13167ddd,d7e24a6611feba7f69e1261b00de4ab45019ee525b28f45f6ae20e6e11670d52,c:\Windows\System32\das.dll
das.dll,482816,2,1347796085,2012-09-16T11:48:05.000Z,imports,api-ms-win-core-file-l1-1-0.dll,CreateDirectoryW,8ab0c55a78b0c18991acc62c13167ddd,d7e24a6611feba7f69e1261b00de4ab45019ee525b28f45f6ae20e6e11670d52,c:\Windows\System32\das.dll
das.dll,482816,2,1347796085,2012-09-16T11:48:05.000Z,imports,api-ms-win-core-file-l1-1-0.dll,GetFileAttributesW,8ab0c55a78b0c18991acc62c13167ddd,d7e24a6611feba7f69e1261b00de4ab45019ee525b28f45f6ae20e6e11670d52,c:\Windows\System32\das.dll
das.dll,482816,2,1347796085,2012-09-16T11:48:05.000Z,imports,api-ms-win-core-file-l1-1-0.dll,GetFullPathNameW,8ab0c55a78b0c18991acc62c13167ddd,d7e24a6611feba7f69e1261b00de4ab45019ee525b28f45f6ae20e6e11670d52,c:\Windows\System32\das.dll
das.dll,482816,2,1347796085,2012-09-16T11:48:05.000Z,imports,api-ms-win-core-delayload-l1-1-1.dll,ResolveDelayLoadedAPI,8ab0c55a78b0c18991acc62c13167ddd,d7e24a6611feba7f69e1261b00de4ab45019ee525b28f45f6ae20e6e11670d52,c:\Windows\System32\das.dll
das.dll,482816,2,1347796085,2012-09-16T11:48:05.000Z,imports,api-ms-win-core-delayload-l1-1-0.dll,DelayLoadFailureHook,8ab0c55a78b0c18991acc62c13167ddd,d7e24a6611feba7f69e1261b00de4ab45019ee525b28f45f6ae20e6e11670d52,c:\Windows\System32\das.dll
das.dll,482816,2,1347796085,2012-09-16T11:48:05.000Z,imports,api-ms-win-devices-query-l1-1-1.dll,DevGetObjectPropertiesEx,8ab0c55a78b0c18991acc62c13167ddd,d7e24a6611feba7f69e1261b00de4ab45019ee525b28f45f6ae20e6e11670d52,c:\Windows\System32\das.dll
das.dll,482816,2,1347796085,2012-09-16T11:48:05.000Z,imports,api-ms-win-devices-query-l1-1-0.dll,DevFreeObjectProperties,8ab0c55a78b0c18991acc62c13167ddd,d7e24a6611feba7f69e1261b00de4ab45019ee525b28f45f6ae20e6e11670d52,c:\Windows\System32\das.dll
das.dll,482816,2,1347796085,2012-09-16T11:48:05.000Z,exports,das.dll,ServiceMain,8ab0c55a78b0c18991acc62c13167ddd,d7e24a6611feba7f69e1261b00de4ab45019ee525b28f45f6ae20e6e11670d52,c:\Windows\System32\das.dll
