KBDINMAL.DLL,7168,1,4124433743,2100-09-12T12:02:23.000Z,exports,KBDINMAL.DLL,KbdLayerDescriptor,c73f05c01bdbe4920dcd380fd9351604,79fa86da8c3ce1bfce230617eb1c6f587d01c2f8eb88497eab0fb968efdbc772,c:\Windows\SysWOW64\KBDINMAL.DLL
