ntprint.dll,364032,3,2063108228,2035-05-18T13:37:08.000Z,imports,msvcrt.dll,_XcptFilter,0bc222d659abfbc9d6daeb6c87502e57,0df54304f7e758188748ad130f26d4fdbe310e63d32cabee103dac5cb0a3c707,c:\Windows\System32\ntprint.dll
ntprint.dll,364032,3,2063108228,2035-05-18T13:37:08.000Z,imports,msvcrt.dll,__C_specific_handler,0bc222d659abfbc9d6daeb6c87502e57,0df54304f7e758188748ad130f26d4fdbe310e63d32cabee103dac5cb0a3c707,c:\Windows\System32\ntprint.dll
ntprint.dll,364032,3,2063108228,2035-05-18T13:37:08.000Z,imports,msvcrt.dll,__CxxFrameHandler3,0bc222d659abfbc9d6daeb6c87502e57,0df54304f7e758188748ad130f26d4fdbe310e63d32cabee103dac5cb0a3c707,c:\Windows\System32\ntprint.dll
ntprint.dll,364032,3,2063108228,2035-05-18T13:37:08.000Z,imports,msvcrt.dll,__dllonexit,0bc222d659abfbc9d6daeb6c87502e57,0df54304f7e758188748ad130f26d4fdbe310e63d32cabee103dac5cb0a3c707,c:\Windows\System32\ntprint.dll
ntprint.dll,364032,3,2063108228,2035-05-18T13:37:08.000Z,imports,msvcrt.dll,_amsg_exit,0bc222d659abfbc9d6daeb6c87502e57,0df54304f7e758188748ad130f26d4fdbe310e63d32cabee103dac5cb0a3c707,c:\Windows\System32\ntprint.dll
ntprint.dll,364032,3,2063108228,2035-05-18T13:37:08.000Z,imports,msvcrt.dll,_callnewh,0bc222d659abfbc9d6daeb6c87502e57,0df54304f7e758188748ad130f26d4fdbe310e63d32cabee103dac5cb0a3c707,c:\Windows\System32\ntprint.dll
ntprint.dll,364032,3,2063108228,2035-05-18T13:37:08.000Z,imports,msvcrt.dll,_initterm,0bc222d659abfbc9d6daeb6c87502e57,0df54304f7e758188748ad130f26d4fdbe310e63d32cabee103dac5cb0a3c707,c:\Windows\System32\ntprint.dll
ntprint.dll,364032,3,2063108228,2035-05-18T13:37:08.000Z,imports,msvcrt.dll,_lock,0bc222d659abfbc9d6daeb6c87502e57,0df54304f7e758188748ad130f26d4fdbe310e63d32cabee103dac5cb0a3c707,c:\Windows\System32\ntprint.dll
ntprint.dll,364032,3,2063108228,2035-05-18T13:37:08.000Z,imports,msvcrt.dll,_onexit,0bc222d659abfbc9d6daeb6c87502e57,0df54304f7e758188748ad130f26d4fdbe310e63d32cabee103dac5cb0a3c707,c:\Windows\System32\ntprint.dll
ntprint.dll,364032,3,2063108228,2035-05-18T13:37:08.000Z,imports,msvcrt.dll,_purecall,0bc222d659abfbc9d6daeb6c87502e57,0df54304f7e758188748ad130f26d4fdbe310e63d32cabee103dac5cb0a3c707,c:\Windows\System32\ntprint.dll
ntprint.dll,364032,3,2063108228,2035-05-18T13:37:08.000Z,imports,msvcrt.dll,_unlock,0bc222d659abfbc9d6daeb6c87502e57,0df54304f7e758188748ad130f26d4fdbe310e63d32cabee103dac5cb0a3c707,c:\Windows\System32\ntprint.dll
ntprint.dll,364032,3,2063108228,2035-05-18T13:37:08.000Z,imports,msvcrt.dll,_vsnwprintf,0bc222d659abfbc9d6daeb6c87502e57,0df54304f7e758188748ad130f26d4fdbe310e63d32cabee103dac5cb0a3c707,c:\Windows\System32\ntprint.dll
ntprint.dll,364032,3,2063108228,2035-05-18T13:37:08.000Z,imports,msvcrt.dll,_wcsicmp,0bc222d659abfbc9d6daeb6c87502e57,0df54304f7e758188748ad130f26d4fdbe310e63d32cabee103dac5cb0a3c707,c:\Windows\System32\ntprint.dll
ntprint.dll,364032,3,2063108228,2035-05-18T13:37:08.000Z,imports,msvcrt.dll,_wcsnicmp,0bc222d659abfbc9d6daeb6c87502e57,0df54304f7e758188748ad130f26d4fdbe310e63d32cabee103dac5cb0a3c707,c:\Windows\System32\ntprint.dll
ntprint.dll,364032,3,2063108228,2035-05-18T13:37:08.000Z,imports,msvcrt.dll,_wtoi,0bc222d659abfbc9d6daeb6c87502e57,0df54304f7e758188748ad130f26d4fdbe310e63d32cabee103dac5cb0a3c707,c:\Windows\System32\ntprint.dll
ntprint.dll,364032,3,2063108228,2035-05-18T13:37:08.000Z,imports,msvcrt.dll,free,0bc222d659abfbc9d6daeb6c87502e57,0df54304f7e758188748ad130f26d4fdbe310e63d32cabee103dac5cb0a3c707,c:\Windows\System32\ntprint.dll
ntprint.dll,364032,3,2063108228,2035-05-18T13:37:08.000Z,imports,msvcrt.dll,iswalpha,0bc222d659abfbc9d6daeb6c87502e57,0df54304f7e758188748ad130f26d4fdbe310e63d32cabee103dac5cb0a3c707,c:\Windows\System32\ntprint.dll
ntprint.dll,364032,3,2063108228,2035-05-18T13:37:08.000Z,imports,msvcrt.dll,iswdigit,0bc222d659abfbc9d6daeb6c87502e57,0df54304f7e758188748ad130f26d4fdbe310e63d32cabee103dac5cb0a3c707,c:\Windows\System32\ntprint.dll
ntprint.dll,364032,3,2063108228,2035-05-18T13:37:08.000Z,imports,msvcrt.dll,iswspace,0bc222d659abfbc9d6daeb6c87502e57,0df54304f7e758188748ad130f26d4fdbe310e63d32cabee103dac5cb0a3c707,c:\Windows\System32\ntprint.dll
ntprint.dll,364032,3,2063108228,2035-05-18T13:37:08.000Z,imports,msvcrt.dll,malloc,0bc222d659abfbc9d6daeb6c87502e57,0df54304f7e758188748ad130f26d4fdbe310e63d32cabee103dac5cb0a3c707,c:\Windows\System32\ntprint.dll
ntprint.dll,364032,3,2063108228,2035-05-18T13:37:08.000Z,imports,msvcrt.dll,memcpy,0bc222d659abfbc9d6daeb6c87502e57,0df54304f7e758188748ad130f26d4fdbe310e63d32cabee103dac5cb0a3c707,c:\Windows\System32\ntprint.dll
ntprint.dll,364032,3,2063108228,2035-05-18T13:37:08.000Z,imports,msvcrt.dll,memcpy_s,0bc222d659abfbc9d6daeb6c87502e57,0df54304f7e758188748ad130f26d4fdbe310e63d32cabee103dac5cb0a3c707,c:\Windows\System32\ntprint.dll
ntprint.dll,364032,3,2063108228,2035-05-18T13:37:08.000Z,imports,msvcrt.dll,memset,0bc222d659abfbc9d6daeb6c87502e57,0df54304f7e758188748ad130f26d4fdbe310e63d32cabee103dac5cb0a3c707,c:\Windows\System32\ntprint.dll
ntprint.dll,364032,3,2063108228,2035-05-18T13:37:08.000Z,imports,msvcrt.dll,swscanf,0bc222d659abfbc9d6daeb6c87502e57,0df54304f7e758188748ad130f26d4fdbe310e63d32cabee103dac5cb0a3c707,c:\Windows\System32\ntprint.dll
ntprint.dll,364032,3,2063108228,2035-05-18T13:37:08.000Z,imports,msvcrt.dll,wcschr,0bc222d659abfbc9d6daeb6c87502e57,0df54304f7e758188748ad130f26d4fdbe310e63d32cabee103dac5cb0a3c707,c:\Windows\System32\ntprint.dll
ntprint.dll,364032,3,2063108228,2035-05-18T13:37:08.000Z,imports,msvcrt.dll,wcscmp,0bc222d659abfbc9d6daeb6c87502e57,0df54304f7e758188748ad130f26d4fdbe310e63d32cabee103dac5cb0a3c707,c:\Windows\System32\ntprint.dll
ntprint.dll,364032,3,2063108228,2035-05-18T13:37:08.000Z,imports,msvcrt.dll,wcsncmp,0bc222d659abfbc9d6daeb6c87502e57,0df54304f7e758188748ad130f26d4fdbe310e63d32cabee103dac5cb0a3c707,c:\Windows\System32\ntprint.dll
ntprint.dll,364032,3,2063108228,2035-05-18T13:37:08.000Z,imports,msvcrt.dll,wcsrchr,0bc222d659abfbc9d6daeb6c87502e57,0df54304f7e758188748ad130f26d4fdbe310e63d32cabee103dac5cb0a3c707,c:\Windows\System32\ntprint.dll
ntprint.dll,364032,3,2063108228,2035-05-18T13:37:08.000Z,imports,msvcrt.dll,wcsstr,0bc222d659abfbc9d6daeb6c87502e57,0df54304f7e758188748ad130f26d4fdbe310e63d32cabee103dac5cb0a3c707,c:\Windows\System32\ntprint.dll
ntprint.dll,364032,3,2063108228,2035-05-18T13:37:08.000Z,imports,msvcrt.dll,wcstok_s,0bc222d659abfbc9d6daeb6c87502e57,0df54304f7e758188748ad130f26d4fdbe310e63d32cabee103dac5cb0a3c707,c:\Windows\System32\ntprint.dll
ntprint.dll,364032,3,2063108228,2035-05-18T13:37:08.000Z,imports,ntdll.dll,EtwEventEnabled,0bc222d659abfbc9d6daeb6c87502e57,0df54304f7e758188748ad130f26d4fdbe310e63d32cabee103dac5cb0a3c707,c:\Windows\System32\ntprint.dll
ntprint.dll,364032,3,2063108228,2035-05-18T13:37:08.000Z,imports,ntdll.dll,EtwEventRegister,0bc222d659abfbc9d6daeb6c87502e57,0df54304f7e758188748ad130f26d4fdbe310e63d32cabee103dac5cb0a3c707,c:\Windows\System32\ntprint.dll
ntprint.dll,364032,3,2063108228,2035-05-18T13:37:08.000Z,imports,ntdll.dll,EtwEventUnregister,0bc222d659abfbc9d6daeb6c87502e57,0df54304f7e758188748ad130f26d4fdbe310e63d32cabee103dac5cb0a3c707,c:\Windows\System32\ntprint.dll
ntprint.dll,364032,3,2063108228,2035-05-18T13:37:08.000Z,imports,ntdll.dll,EtwEventWrite,0bc222d659abfbc9d6daeb6c87502e57,0df54304f7e758188748ad130f26d4fdbe310e63d32cabee103dac5cb0a3c707,c:\Windows\System32\ntprint.dll
ntprint.dll,364032,3,2063108228,2035-05-18T13:37:08.000Z,imports,ntdll.dll,EtwTraceMessage,0bc222d659abfbc9d6daeb6c87502e57,0df54304f7e758188748ad130f26d4fdbe310e63d32cabee103dac5cb0a3c707,c:\Windows\System32\ntprint.dll
ntprint.dll,364032,3,2063108228,2035-05-18T13:37:08.000Z,imports,ntdll.dll,NtClose,0bc222d659abfbc9d6daeb6c87502e57,0df54304f7e758188748ad130f26d4fdbe310e63d32cabee103dac5cb0a3c707,c:\Windows\System32\ntprint.dll
ntprint.dll,364032,3,2063108228,2035-05-18T13:37:08.000Z,imports,ntdll.dll,NtOpenProcessToken,0bc222d659abfbc9d6daeb6c87502e57,0df54304f7e758188748ad130f26d4fdbe310e63d32cabee103dac5cb0a3c707,c:\Windows\System32\ntprint.dll
ntprint.dll,364032,3,2063108228,2035-05-18T13:37:08.000Z,imports,ntdll.dll,NtOpenThreadToken,0bc222d659abfbc9d6daeb6c87502e57,0df54304f7e758188748ad130f26d4fdbe310e63d32cabee103dac5cb0a3c707,c:\Windows\System32\ntprint.dll
ntprint.dll,364032,3,2063108228,2035-05-18T13:37:08.000Z,imports,ntdll.dll,NtQueryInformationToken,0bc222d659abfbc9d6daeb6c87502e57,0df54304f7e758188748ad130f26d4fdbe310e63d32cabee103dac5cb0a3c707,c:\Windows\System32\ntprint.dll
ntprint.dll,364032,3,2063108228,2035-05-18T13:37:08.000Z,imports,ntdll.dll,RtlCaptureContext,0bc222d659abfbc9d6daeb6c87502e57,0df54304f7e758188748ad130f26d4fdbe310e63d32cabee103dac5cb0a3c707,c:\Windows\System32\ntprint.dll
ntprint.dll,364032,3,2063108228,2035-05-18T13:37:08.000Z,imports,ntdll.dll,RtlGetVersion,0bc222d659abfbc9d6daeb6c87502e57,0df54304f7e758188748ad130f26d4fdbe310e63d32cabee103dac5cb0a3c707,c:\Windows\System32\ntprint.dll
ntprint.dll,364032,3,2063108228,2035-05-18T13:37:08.000Z,imports,ntdll.dll,RtlInitUnicodeString,0bc222d659abfbc9d6daeb6c87502e57,0df54304f7e758188748ad130f26d4fdbe310e63d32cabee103dac5cb0a3c707,c:\Windows\System32\ntprint.dll
ntprint.dll,364032,3,2063108228,2035-05-18T13:37:08.000Z,imports,ntdll.dll,RtlLCIDToCultureName,0bc222d659abfbc9d6daeb6c87502e57,0df54304f7e758188748ad130f26d4fdbe310e63d32cabee103dac5cb0a3c707,c:\Windows\System32\ntprint.dll
ntprint.dll,364032,3,2063108228,2035-05-18T13:37:08.000Z,imports,ntdll.dll,RtlLookupFunctionEntry,0bc222d659abfbc9d6daeb6c87502e57,0df54304f7e758188748ad130f26d4fdbe310e63d32cabee103dac5cb0a3c707,c:\Windows\System32\ntprint.dll
ntprint.dll,364032,3,2063108228,2035-05-18T13:37:08.000Z,imports,ntdll.dll,RtlVirtualUnwind,0bc222d659abfbc9d6daeb6c87502e57,0df54304f7e758188748ad130f26d4fdbe310e63d32cabee103dac5cb0a3c707,c:\Windows\System32\ntprint.dll
ntprint.dll,364032,3,2063108228,2035-05-18T13:37:08.000Z,imports,user32.dll,CharPrevW,0bc222d659abfbc9d6daeb6c87502e57,0df54304f7e758188748ad130f26d4fdbe310e63d32cabee103dac5cb0a3c707,c:\Windows\System32\ntprint.dll
ntprint.dll,364032,3,2063108228,2035-05-18T13:37:08.000Z,imports,user32.dll,DispatchMessageW,0bc222d659abfbc9d6daeb6c87502e57,0df54304f7e758188748ad130f26d4fdbe310e63d32cabee103dac5cb0a3c707,c:\Windows\System32\ntprint.dll
ntprint.dll,364032,3,2063108228,2035-05-18T13:37:08.000Z,imports,user32.dll,GetGUIThreadInfo,0bc222d659abfbc9d6daeb6c87502e57,0df54304f7e758188748ad130f26d4fdbe310e63d32cabee103dac5cb0a3c707,c:\Windows\System32\ntprint.dll
ntprint.dll,364032,3,2063108228,2035-05-18T13:37:08.000Z,imports,user32.dll,GetLastActivePopup,0bc222d659abfbc9d6daeb6c87502e57,0df54304f7e758188748ad130f26d4fdbe310e63d32cabee103dac5cb0a3c707,c:\Windows\System32\ntprint.dll
ntprint.dll,364032,3,2063108228,2035-05-18T13:37:08.000Z,imports,user32.dll,GetParent,0bc222d659abfbc9d6daeb6c87502e57,0df54304f7e758188748ad130f26d4fdbe310e63d32cabee103dac5cb0a3c707,c:\Windows\System32\ntprint.dll
ntprint.dll,364032,3,2063108228,2035-05-18T13:37:08.000Z,imports,user32.dll,GetWindow,0bc222d659abfbc9d6daeb6c87502e57,0df54304f7e758188748ad130f26d4fdbe310e63d32cabee103dac5cb0a3c707,c:\Windows\System32\ntprint.dll
ntprint.dll,364032,3,2063108228,2035-05-18T13:37:08.000Z,imports,user32.dll,LoadCursorW,0bc222d659abfbc9d6daeb6c87502e57,0df54304f7e758188748ad130f26d4fdbe310e63d32cabee103dac5cb0a3c707,c:\Windows\System32\ntprint.dll
ntprint.dll,364032,3,2063108228,2035-05-18T13:37:08.000Z,imports,user32.dll,LoadStringW,0bc222d659abfbc9d6daeb6c87502e57,0df54304f7e758188748ad130f26d4fdbe310e63d32cabee103dac5cb0a3c707,c:\Windows\System32\ntprint.dll
ntprint.dll,364032,3,2063108228,2035-05-18T13:37:08.000Z,imports,user32.dll,MessageBoxW,0bc222d659abfbc9d6daeb6c87502e57,0df54304f7e758188748ad130f26d4fdbe310e63d32cabee103dac5cb0a3c707,c:\Windows\System32\ntprint.dll
ntprint.dll,364032,3,2063108228,2035-05-18T13:37:08.000Z,imports,user32.dll,MsgWaitForMultipleObjects,0bc222d659abfbc9d6daeb6c87502e57,0df54304f7e758188748ad130f26d4fdbe310e63d32cabee103dac5cb0a3c707,c:\Windows\System32\ntprint.dll
ntprint.dll,364032,3,2063108228,2035-05-18T13:37:08.000Z,imports,user32.dll,PeekMessageW,0bc222d659abfbc9d6daeb6c87502e57,0df54304f7e758188748ad130f26d4fdbe310e63d32cabee103dac5cb0a3c707,c:\Windows\System32\ntprint.dll
ntprint.dll,364032,3,2063108228,2035-05-18T13:37:08.000Z,imports,user32.dll,PostQuitMessage,0bc222d659abfbc9d6daeb6c87502e57,0df54304f7e758188748ad130f26d4fdbe310e63d32cabee103dac5cb0a3c707,c:\Windows\System32\ntprint.dll
ntprint.dll,364032,3,2063108228,2035-05-18T13:37:08.000Z,imports,user32.dll,SendMessageW,0bc222d659abfbc9d6daeb6c87502e57,0df54304f7e758188748ad130f26d4fdbe310e63d32cabee103dac5cb0a3c707,c:\Windows\System32\ntprint.dll
ntprint.dll,364032,3,2063108228,2035-05-18T13:37:08.000Z,imports,user32.dll,SetCursor,0bc222d659abfbc9d6daeb6c87502e57,0df54304f7e758188748ad130f26d4fdbe310e63d32cabee103dac5cb0a3c707,c:\Windows\System32\ntprint.dll
ntprint.dll,364032,3,2063108228,2035-05-18T13:37:08.000Z,imports,user32.dll,TranslateMessage,0bc222d659abfbc9d6daeb6c87502e57,0df54304f7e758188748ad130f26d4fdbe310e63d32cabee103dac5cb0a3c707,c:\Windows\System32\ntprint.dll
ntprint.dll,364032,3,2063108228,2035-05-18T13:37:08.000Z,imports,api-ms-win-core-file-l1-1-0.dll,CompareFileTime,0bc222d659abfbc9d6daeb6c87502e57,0df54304f7e758188748ad130f26d4fdbe310e63d32cabee103dac5cb0a3c707,c:\Windows\System32\ntprint.dll
ntprint.dll,364032,3,2063108228,2035-05-18T13:37:08.000Z,imports,api-ms-win-core-file-l1-1-0.dll,CreateDirectoryW,0bc222d659abfbc9d6daeb6c87502e57,0df54304f7e758188748ad130f26d4fdbe310e63d32cabee103dac5cb0a3c707,c:\Windows\System32\ntprint.dll
ntprint.dll,364032,3,2063108228,2035-05-18T13:37:08.000Z,imports,api-ms-win-core-file-l1-1-0.dll,CreateFileW,0bc222d659abfbc9d6daeb6c87502e57,0df54304f7e758188748ad130f26d4fdbe310e63d32cabee103dac5cb0a3c707,c:\Windows\System32\ntprint.dll
ntprint.dll,364032,3,2063108228,2035-05-18T13:37:08.000Z,imports,api-ms-win-core-file-l1-1-0.dll,DeleteFileW,0bc222d659abfbc9d6daeb6c87502e57,0df54304f7e758188748ad130f26d4fdbe310e63d32cabee103dac5cb0a3c707,c:\Windows\System32\ntprint.dll
ntprint.dll,364032,3,2063108228,2035-05-18T13:37:08.000Z,imports,api-ms-win-core-file-l1-1-0.dll,FindClose,0bc222d659abfbc9d6daeb6c87502e57,0df54304f7e758188748ad130f26d4fdbe310e63d32cabee103dac5cb0a3c707,c:\Windows\System32\ntprint.dll
ntprint.dll,364032,3,2063108228,2035-05-18T13:37:08.000Z,imports,api-ms-win-core-file-l1-1-0.dll,FindFirstFileW,0bc222d659abfbc9d6daeb6c87502e57,0df54304f7e758188748ad130f26d4fdbe310e63d32cabee103dac5cb0a3c707,c:\Windows\System32\ntprint.dll
ntprint.dll,364032,3,2063108228,2035-05-18T13:37:08.000Z,imports,api-ms-win-core-file-l1-1-0.dll,FindNextFileW,0bc222d659abfbc9d6daeb6c87502e57,0df54304f7e758188748ad130f26d4fdbe310e63d32cabee103dac5cb0a3c707,c:\Windows\System32\ntprint.dll
ntprint.dll,364032,3,2063108228,2035-05-18T13:37:08.000Z,imports,api-ms-win-core-file-l1-1-0.dll,GetDriveTypeW,0bc222d659abfbc9d6daeb6c87502e57,0df54304f7e758188748ad130f26d4fdbe310e63d32cabee103dac5cb0a3c707,c:\Windows\System32\ntprint.dll
ntprint.dll,364032,3,2063108228,2035-05-18T13:37:08.000Z,imports,api-ms-win-core-file-l1-1-0.dll,GetFileAttributesW,0bc222d659abfbc9d6daeb6c87502e57,0df54304f7e758188748ad130f26d4fdbe310e63d32cabee103dac5cb0a3c707,c:\Windows\System32\ntprint.dll
ntprint.dll,364032,3,2063108228,2035-05-18T13:37:08.000Z,imports,api-ms-win-core-file-l1-1-0.dll,GetFileTime,0bc222d659abfbc9d6daeb6c87502e57,0df54304f7e758188748ad130f26d4fdbe310e63d32cabee103dac5cb0a3c707,c:\Windows\System32\ntprint.dll
ntprint.dll,364032,3,2063108228,2035-05-18T13:37:08.000Z,imports,api-ms-win-core-file-l1-1-0.dll,GetFullPathNameW,0bc222d659abfbc9d6daeb6c87502e57,0df54304f7e758188748ad130f26d4fdbe310e63d32cabee103dac5cb0a3c707,c:\Windows\System32\ntprint.dll
ntprint.dll,364032,3,2063108228,2035-05-18T13:37:08.000Z,imports,api-ms-win-core-file-l1-1-0.dll,GetLogicalDrives,0bc222d659abfbc9d6daeb6c87502e57,0df54304f7e758188748ad130f26d4fdbe310e63d32cabee103dac5cb0a3c707,c:\Windows\System32\ntprint.dll
ntprint.dll,364032,3,2063108228,2035-05-18T13:37:08.000Z,imports,api-ms-win-core-file-l1-1-0.dll,RemoveDirectoryW,0bc222d659abfbc9d6daeb6c87502e57,0df54304f7e758188748ad130f26d4fdbe310e63d32cabee103dac5cb0a3c707,c:\Windows\System32\ntprint.dll
ntprint.dll,364032,3,2063108228,2035-05-18T13:37:08.000Z,imports,api-ms-win-core-file-l1-1-0.dll,SetFileAttributesW,0bc222d659abfbc9d6daeb6c87502e57,0df54304f7e758188748ad130f26d4fdbe310e63d32cabee103dac5cb0a3c707,c:\Windows\System32\ntprint.dll
ntprint.dll,364032,3,2063108228,2035-05-18T13:37:08.000Z,imports,api-ms-win-core-file-l1-1-0.dll,SetFilePointer,0bc222d659abfbc9d6daeb6c87502e57,0df54304f7e758188748ad130f26d4fdbe310e63d32cabee103dac5cb0a3c707,c:\Windows\System32\ntprint.dll
ntprint.dll,364032,3,2063108228,2035-05-18T13:37:08.000Z,imports,api-ms-win-core-file-l1-1-0.dll,WriteFile,0bc222d659abfbc9d6daeb6c87502e57,0df54304f7e758188748ad130f26d4fdbe310e63d32cabee103dac5cb0a3c707,c:\Windows\System32\ntprint.dll
ntprint.dll,364032,3,2063108228,2035-05-18T13:37:08.000Z,imports,api-ms-win-core-registry-l1-1-0.dll,RegCloseKey,0bc222d659abfbc9d6daeb6c87502e57,0df54304f7e758188748ad130f26d4fdbe310e63d32cabee103dac5cb0a3c707,c:\Windows\System32\ntprint.dll
ntprint.dll,364032,3,2063108228,2035-05-18T13:37:08.000Z,imports,api-ms-win-core-registry-l1-1-0.dll,RegCreateKeyExW,0bc222d659abfbc9d6daeb6c87502e57,0df54304f7e758188748ad130f26d4fdbe310e63d32cabee103dac5cb0a3c707,c:\Windows\System32\ntprint.dll
ntprint.dll,364032,3,2063108228,2035-05-18T13:37:08.000Z,imports,api-ms-win-core-registry-l1-1-0.dll,RegGetValueW,0bc222d659abfbc9d6daeb6c87502e57,0df54304f7e758188748ad130f26d4fdbe310e63d32cabee103dac5cb0a3c707,c:\Windows\System32\ntprint.dll
ntprint.dll,364032,3,2063108228,2035-05-18T13:37:08.000Z,imports,api-ms-win-core-registry-l1-1-0.dll,RegOpenKeyExW,0bc222d659abfbc9d6daeb6c87502e57,0df54304f7e758188748ad130f26d4fdbe310e63d32cabee103dac5cb0a3c707,c:\Windows\System32\ntprint.dll
ntprint.dll,364032,3,2063108228,2035-05-18T13:37:08.000Z,imports,api-ms-win-core-registry-l1-1-0.dll,RegQueryValueExW,0bc222d659abfbc9d6daeb6c87502e57,0df54304f7e758188748ad130f26d4fdbe310e63d32cabee103dac5cb0a3c707,c:\Windows\System32\ntprint.dll
ntprint.dll,364032,3,2063108228,2035-05-18T13:37:08.000Z,imports,api-ms-win-core-registry-l1-1-0.dll,RegSetValueExW,0bc222d659abfbc9d6daeb6c87502e57,0df54304f7e758188748ad130f26d4fdbe310e63d32cabee103dac5cb0a3c707,c:\Windows\System32\ntprint.dll
ntprint.dll,364032,3,2063108228,2035-05-18T13:37:08.000Z,imports,api-ms-win-core-errorhandling-l1-1-0.dll,GetLastError,0bc222d659abfbc9d6daeb6c87502e57,0df54304f7e758188748ad130f26d4fdbe310e63d32cabee103dac5cb0a3c707,c:\Windows\System32\ntprint.dll
ntprint.dll,364032,3,2063108228,2035-05-18T13:37:08.000Z,imports,api-ms-win-core-errorhandling-l1-1-0.dll,SetErrorMode,0bc222d659abfbc9d6daeb6c87502e57,0df54304f7e758188748ad130f26d4fdbe310e63d32cabee103dac5cb0a3c707,c:\Windows\System32\ntprint.dll
ntprint.dll,364032,3,2063108228,2035-05-18T13:37:08.000Z,imports,api-ms-win-core-errorhandling-l1-1-0.dll,SetLastError,0bc222d659abfbc9d6daeb6c87502e57,0df54304f7e758188748ad130f26d4fdbe310e63d32cabee103dac5cb0a3c707,c:\Windows\System32\ntprint.dll
ntprint.dll,364032,3,2063108228,2035-05-18T13:37:08.000Z,imports,api-ms-win-core-errorhandling-l1-1-0.dll,SetUnhandledExceptionFilter,0bc222d659abfbc9d6daeb6c87502e57,0df54304f7e758188748ad130f26d4fdbe310e63d32cabee103dac5cb0a3c707,c:\Windows\System32\ntprint.dll
ntprint.dll,364032,3,2063108228,2035-05-18T13:37:08.000Z,imports,api-ms-win-core-errorhandling-l1-1-0.dll,UnhandledExceptionFilter,0bc222d659abfbc9d6daeb6c87502e57,0df54304f7e758188748ad130f26d4fdbe310e63d32cabee103dac5cb0a3c707,c:\Windows\System32\ntprint.dll
ntprint.dll,364032,3,2063108228,2035-05-18T13:37:08.000Z,imports,api-ms-win-core-synch-l1-1-0.dll,CreateMutexExW,0bc222d659abfbc9d6daeb6c87502e57,0df54304f7e758188748ad130f26d4fdbe310e63d32cabee103dac5cb0a3c707,c:\Windows\System32\ntprint.dll
ntprint.dll,364032,3,2063108228,2035-05-18T13:37:08.000Z,imports,api-ms-win-core-synch-l1-1-0.dll,CreateMutexW,0bc222d659abfbc9d6daeb6c87502e57,0df54304f7e758188748ad130f26d4fdbe310e63d32cabee103dac5cb0a3c707,c:\Windows\System32\ntprint.dll
ntprint.dll,364032,3,2063108228,2035-05-18T13:37:08.000Z,imports,api-ms-win-core-synch-l1-1-0.dll,CreateSemaphoreExW,0bc222d659abfbc9d6daeb6c87502e57,0df54304f7e758188748ad130f26d4fdbe310e63d32cabee103dac5cb0a3c707,c:\Windows\System32\ntprint.dll
ntprint.dll,364032,3,2063108228,2035-05-18T13:37:08.000Z,imports,api-ms-win-core-synch-l1-1-0.dll,DeleteCriticalSection,0bc222d659abfbc9d6daeb6c87502e57,0df54304f7e758188748ad130f26d4fdbe310e63d32cabee103dac5cb0a3c707,c:\Windows\System32\ntprint.dll
ntprint.dll,364032,3,2063108228,2035-05-18T13:37:08.000Z,imports,api-ms-win-core-synch-l1-1-0.dll,EnterCriticalSection,0bc222d659abfbc9d6daeb6c87502e57,0df54304f7e758188748ad130f26d4fdbe310e63d32cabee103dac5cb0a3c707,c:\Windows\System32\ntprint.dll
ntprint.dll,364032,3,2063108228,2035-05-18T13:37:08.000Z,imports,api-ms-win-core-synch-l1-1-0.dll,InitializeCriticalSectionAndSpinCount,0bc222d659abfbc9d6daeb6c87502e57,0df54304f7e758188748ad130f26d4fdbe310e63d32cabee103dac5cb0a3c707,c:\Windows\System32\ntprint.dll
ntprint.dll,364032,3,2063108228,2035-05-18T13:37:08.000Z,imports,api-ms-win-core-synch-l1-1-0.dll,LeaveCriticalSection,0bc222d659abfbc9d6daeb6c87502e57,0df54304f7e758188748ad130f26d4fdbe310e63d32cabee103dac5cb0a3c707,c:\Windows\System32\ntprint.dll
ntprint.dll,364032,3,2063108228,2035-05-18T13:37:08.000Z,imports,api-ms-win-core-synch-l1-1-0.dll,OpenSemaphoreW,0bc222d659abfbc9d6daeb6c87502e57,0df54304f7e758188748ad130f26d4fdbe310e63d32cabee103dac5cb0a3c707,c:\Windows\System32\ntprint.dll
ntprint.dll,364032,3,2063108228,2035-05-18T13:37:08.000Z,imports,api-ms-win-core-synch-l1-1-0.dll,ReleaseMutex,0bc222d659abfbc9d6daeb6c87502e57,0df54304f7e758188748ad130f26d4fdbe310e63d32cabee103dac5cb0a3c707,c:\Windows\System32\ntprint.dll
ntprint.dll,364032,3,2063108228,2035-05-18T13:37:08.000Z,imports,api-ms-win-core-synch-l1-1-0.dll,ReleaseSemaphore,0bc222d659abfbc9d6daeb6c87502e57,0df54304f7e758188748ad130f26d4fdbe310e63d32cabee103dac5cb0a3c707,c:\Windows\System32\ntprint.dll
ntprint.dll,364032,3,2063108228,2035-05-18T13:37:08.000Z,imports,api-ms-win-core-synch-l1-1-0.dll,WaitForSingleObject,0bc222d659abfbc9d6daeb6c87502e57,0df54304f7e758188748ad130f26d4fdbe310e63d32cabee103dac5cb0a3c707,c:\Windows\System32\ntprint.dll
ntprint.dll,364032,3,2063108228,2035-05-18T13:37:08.000Z,imports,api-ms-win-core-synch-l1-1-0.dll,WaitForSingleObjectEx,0bc222d659abfbc9d6daeb6c87502e57,0df54304f7e758188748ad130f26d4fdbe310e63d32cabee103dac5cb0a3c707,c:\Windows\System32\ntprint.dll
ntprint.dll,364032,3,2063108228,2035-05-18T13:37:08.000Z,imports,api-ms-win-core-com-l1-1-0.dll,CoCreateGuid,0bc222d659abfbc9d6daeb6c87502e57,0df54304f7e758188748ad130f26d4fdbe310e63d32cabee103dac5cb0a3c707,c:\Windows\System32\ntprint.dll
ntprint.dll,364032,3,2063108228,2035-05-18T13:37:08.000Z,imports,api-ms-win-core-com-l1-1-0.dll,CoTaskMemFree,0bc222d659abfbc9d6daeb6c87502e57,0df54304f7e758188748ad130f26d4fdbe310e63d32cabee103dac5cb0a3c707,c:\Windows\System32\ntprint.dll
ntprint.dll,364032,3,2063108228,2035-05-18T13:37:08.000Z,imports,api-ms-win-core-com-l1-1-0.dll,IIDFromString,0bc222d659abfbc9d6daeb6c87502e57,0df54304f7e758188748ad130f26d4fdbe310e63d32cabee103dac5cb0a3c707,c:\Windows\System32\ntprint.dll
ntprint.dll,364032,3,2063108228,2035-05-18T13:37:08.000Z,imports,api-ms-win-core-com-l1-1-0.dll,StringFromGUID2,0bc222d659abfbc9d6daeb6c87502e57,0df54304f7e758188748ad130f26d4fdbe310e63d32cabee103dac5cb0a3c707,c:\Windows\System32\ntprint.dll
ntprint.dll,364032,3,2063108228,2035-05-18T13:37:08.000Z,imports,api-ms-win-core-com-l1-1-0.dll,StringFromIID,0bc222d659abfbc9d6daeb6c87502e57,0df54304f7e758188748ad130f26d4fdbe310e63d32cabee103dac5cb0a3c707,c:\Windows\System32\ntprint.dll
ntprint.dll,364032,3,2063108228,2035-05-18T13:37:08.000Z,imports,api-ms-win-core-file-l1-2-0.dll,GetTempPathW,0bc222d659abfbc9d6daeb6c87502e57,0df54304f7e758188748ad130f26d4fdbe310e63d32cabee103dac5cb0a3c707,c:\Windows\System32\ntprint.dll
ntprint.dll,364032,3,2063108228,2035-05-18T13:37:08.000Z,imports,api-ms-win-core-heap-l2-1-0.dll,LocalAlloc,0bc222d659abfbc9d6daeb6c87502e57,0df54304f7e758188748ad130f26d4fdbe310e63d32cabee103dac5cb0a3c707,c:\Windows\System32\ntprint.dll
ntprint.dll,364032,3,2063108228,2035-05-18T13:37:08.000Z,imports,api-ms-win-core-heap-l2-1-0.dll,LocalFree,0bc222d659abfbc9d6daeb6c87502e57,0df54304f7e758188748ad130f26d4fdbe310e63d32cabee103dac5cb0a3c707,c:\Windows\System32\ntprint.dll
ntprint.dll,364032,3,2063108228,2035-05-18T13:37:08.000Z,imports,api-ms-win-core-sysinfo-l1-1-0.dll,GetSystemDirectoryW,0bc222d659abfbc9d6daeb6c87502e57,0df54304f7e758188748ad130f26d4fdbe310e63d32cabee103dac5cb0a3c707,c:\Windows\System32\ntprint.dll
ntprint.dll,364032,3,2063108228,2035-05-18T13:37:08.000Z,imports,api-ms-win-core-sysinfo-l1-1-0.dll,GetSystemTimeAsFileTime,0bc222d659abfbc9d6daeb6c87502e57,0df54304f7e758188748ad130f26d4fdbe310e63d32cabee103dac5cb0a3c707,c:\Windows\System32\ntprint.dll
ntprint.dll,364032,3,2063108228,2035-05-18T13:37:08.000Z,imports,api-ms-win-core-sysinfo-l1-1-0.dll,GetSystemWindowsDirectoryW,0bc222d659abfbc9d6daeb6c87502e57,0df54304f7e758188748ad130f26d4fdbe310e63d32cabee103dac5cb0a3c707,c:\Windows\System32\ntprint.dll
ntprint.dll,364032,3,2063108228,2035-05-18T13:37:08.000Z,imports,api-ms-win-core-sysinfo-l1-1-0.dll,GetTickCount,0bc222d659abfbc9d6daeb6c87502e57,0df54304f7e758188748ad130f26d4fdbe310e63d32cabee103dac5cb0a3c707,c:\Windows\System32\ntprint.dll
ntprint.dll,364032,3,2063108228,2035-05-18T13:37:08.000Z,imports,api-ms-win-eventing-classicprovider-l1-1-0.dll,GetTraceEnableFlags,0bc222d659abfbc9d6daeb6c87502e57,0df54304f7e758188748ad130f26d4fdbe310e63d32cabee103dac5cb0a3c707,c:\Windows\System32\ntprint.dll
ntprint.dll,364032,3,2063108228,2035-05-18T13:37:08.000Z,imports,api-ms-win-eventing-classicprovider-l1-1-0.dll,GetTraceEnableLevel,0bc222d659abfbc9d6daeb6c87502e57,0df54304f7e758188748ad130f26d4fdbe310e63d32cabee103dac5cb0a3c707,c:\Windows\System32\ntprint.dll
ntprint.dll,364032,3,2063108228,2035-05-18T13:37:08.000Z,imports,api-ms-win-eventing-classicprovider-l1-1-0.dll,GetTraceLoggerHandle,0bc222d659abfbc9d6daeb6c87502e57,0df54304f7e758188748ad130f26d4fdbe310e63d32cabee103dac5cb0a3c707,c:\Windows\System32\ntprint.dll
ntprint.dll,364032,3,2063108228,2035-05-18T13:37:08.000Z,imports,api-ms-win-eventing-classicprovider-l1-1-0.dll,RegisterTraceGuidsW,0bc222d659abfbc9d6daeb6c87502e57,0df54304f7e758188748ad130f26d4fdbe310e63d32cabee103dac5cb0a3c707,c:\Windows\System32\ntprint.dll
ntprint.dll,364032,3,2063108228,2035-05-18T13:37:08.000Z,imports,api-ms-win-eventing-classicprovider-l1-1-0.dll,TraceMessage,0bc222d659abfbc9d6daeb6c87502e57,0df54304f7e758188748ad130f26d4fdbe310e63d32cabee103dac5cb0a3c707,c:\Windows\System32\ntprint.dll
ntprint.dll,364032,3,2063108228,2035-05-18T13:37:08.000Z,imports,api-ms-win-eventing-classicprovider-l1-1-0.dll,UnregisterTraceGuids,0bc222d659abfbc9d6daeb6c87502e57,0df54304f7e758188748ad130f26d4fdbe310e63d32cabee103dac5cb0a3c707,c:\Windows\System32\ntprint.dll
ntprint.dll,364032,3,2063108228,2035-05-18T13:37:08.000Z,imports,api-ms-win-core-handle-l1-1-0.dll,CloseHandle,0bc222d659abfbc9d6daeb6c87502e57,0df54304f7e758188748ad130f26d4fdbe310e63d32cabee103dac5cb0a3c707,c:\Windows\System32\ntprint.dll
ntprint.dll,364032,3,2063108228,2035-05-18T13:37:08.000Z,imports,api-ms-win-core-libraryloader-l1-2-0.dll,DisableThreadLibraryCalls,0bc222d659abfbc9d6daeb6c87502e57,0df54304f7e758188748ad130f26d4fdbe310e63d32cabee103dac5cb0a3c707,c:\Windows\System32\ntprint.dll
ntprint.dll,364032,3,2063108228,2035-05-18T13:37:08.000Z,imports,api-ms-win-core-libraryloader-l1-2-0.dll,FreeLibrary,0bc222d659abfbc9d6daeb6c87502e57,0df54304f7e758188748ad130f26d4fdbe310e63d32cabee103dac5cb0a3c707,c:\Windows\System32\ntprint.dll
ntprint.dll,364032,3,2063108228,2035-05-18T13:37:08.000Z,imports,api-ms-win-core-libraryloader-l1-2-0.dll,GetModuleFileNameA,0bc222d659abfbc9d6daeb6c87502e57,0df54304f7e758188748ad130f26d4fdbe310e63d32cabee103dac5cb0a3c707,c:\Windows\System32\ntprint.dll
ntprint.dll,364032,3,2063108228,2035-05-18T13:37:08.000Z,imports,api-ms-win-core-libraryloader-l1-2-0.dll,GetModuleFileNameW,0bc222d659abfbc9d6daeb6c87502e57,0df54304f7e758188748ad130f26d4fdbe310e63d32cabee103dac5cb0a3c707,c:\Windows\System32\ntprint.dll
ntprint.dll,364032,3,2063108228,2035-05-18T13:37:08.000Z,imports,api-ms-win-core-libraryloader-l1-2-0.dll,GetModuleHandleExW,0bc222d659abfbc9d6daeb6c87502e57,0df54304f7e758188748ad130f26d4fdbe310e63d32cabee103dac5cb0a3c707,c:\Windows\System32\ntprint.dll
ntprint.dll,364032,3,2063108228,2035-05-18T13:37:08.000Z,imports,api-ms-win-core-libraryloader-l1-2-0.dll,GetModuleHandleW,0bc222d659abfbc9d6daeb6c87502e57,0df54304f7e758188748ad130f26d4fdbe310e63d32cabee103dac5cb0a3c707,c:\Windows\System32\ntprint.dll
ntprint.dll,364032,3,2063108228,2035-05-18T13:37:08.000Z,imports,api-ms-win-core-libraryloader-l1-2-0.dll,GetProcAddress,0bc222d659abfbc9d6daeb6c87502e57,0df54304f7e758188748ad130f26d4fdbe310e63d32cabee103dac5cb0a3c707,c:\Windows\System32\ntprint.dll
ntprint.dll,364032,3,2063108228,2035-05-18T13:37:08.000Z,imports,api-ms-win-eventing-provider-l1-1-0.dll,EventRegister,0bc222d659abfbc9d6daeb6c87502e57,0df54304f7e758188748ad130f26d4fdbe310e63d32cabee103dac5cb0a3c707,c:\Windows\System32\ntprint.dll
ntprint.dll,364032,3,2063108228,2035-05-18T13:37:08.000Z,imports,api-ms-win-eventing-provider-l1-1-0.dll,EventSetInformation,0bc222d659abfbc9d6daeb6c87502e57,0df54304f7e758188748ad130f26d4fdbe310e63d32cabee103dac5cb0a3c707,c:\Windows\System32\ntprint.dll
ntprint.dll,364032,3,2063108228,2035-05-18T13:37:08.000Z,imports,api-ms-win-eventing-provider-l1-1-0.dll,EventUnregister,0bc222d659abfbc9d6daeb6c87502e57,0df54304f7e758188748ad130f26d4fdbe310e63d32cabee103dac5cb0a3c707,c:\Windows\System32\ntprint.dll
ntprint.dll,364032,3,2063108228,2035-05-18T13:37:08.000Z,imports,api-ms-win-eventing-provider-l1-1-0.dll,EventWriteTransfer,0bc222d659abfbc9d6daeb6c87502e57,0df54304f7e758188748ad130f26d4fdbe310e63d32cabee103dac5cb0a3c707,c:\Windows\System32\ntprint.dll
ntprint.dll,364032,3,2063108228,2035-05-18T13:37:08.000Z,imports,api-ms-win-core-synch-l1-2-0.dll,InitOnceBeginInitialize,0bc222d659abfbc9d6daeb6c87502e57,0df54304f7e758188748ad130f26d4fdbe310e63d32cabee103dac5cb0a3c707,c:\Windows\System32\ntprint.dll
ntprint.dll,364032,3,2063108228,2035-05-18T13:37:08.000Z,imports,api-ms-win-core-synch-l1-2-0.dll,InitOnceComplete,0bc222d659abfbc9d6daeb6c87502e57,0df54304f7e758188748ad130f26d4fdbe310e63d32cabee103dac5cb0a3c707,c:\Windows\System32\ntprint.dll
ntprint.dll,364032,3,2063108228,2035-05-18T13:37:08.000Z,imports,api-ms-win-core-synch-l1-2-0.dll,Sleep,0bc222d659abfbc9d6daeb6c87502e57,0df54304f7e758188748ad130f26d4fdbe310e63d32cabee103dac5cb0a3c707,c:\Windows\System32\ntprint.dll
ntprint.dll,364032,3,2063108228,2035-05-18T13:37:08.000Z,imports,api-ms-win-core-heap-l1-1-0.dll,GetProcessHeap,0bc222d659abfbc9d6daeb6c87502e57,0df54304f7e758188748ad130f26d4fdbe310e63d32cabee103dac5cb0a3c707,c:\Windows\System32\ntprint.dll
ntprint.dll,364032,3,2063108228,2035-05-18T13:37:08.000Z,imports,api-ms-win-core-heap-l1-1-0.dll,HeapAlloc,0bc222d659abfbc9d6daeb6c87502e57,0df54304f7e758188748ad130f26d4fdbe310e63d32cabee103dac5cb0a3c707,c:\Windows\System32\ntprint.dll
ntprint.dll,364032,3,2063108228,2035-05-18T13:37:08.000Z,imports,api-ms-win-core-heap-l1-1-0.dll,HeapFree,0bc222d659abfbc9d6daeb6c87502e57,0df54304f7e758188748ad130f26d4fdbe310e63d32cabee103dac5cb0a3c707,c:\Windows\System32\ntprint.dll
ntprint.dll,364032,3,2063108228,2035-05-18T13:37:08.000Z,imports,api-ms-win-core-processthreads-l1-1-0.dll,CreateProcessW,0bc222d659abfbc9d6daeb6c87502e57,0df54304f7e758188748ad130f26d4fdbe310e63d32cabee103dac5cb0a3c707,c:\Windows\System32\ntprint.dll
ntprint.dll,364032,3,2063108228,2035-05-18T13:37:08.000Z,imports,api-ms-win-core-processthreads-l1-1-0.dll,ExitProcess,0bc222d659abfbc9d6daeb6c87502e57,0df54304f7e758188748ad130f26d4fdbe310e63d32cabee103dac5cb0a3c707,c:\Windows\System32\ntprint.dll
ntprint.dll,364032,3,2063108228,2035-05-18T13:37:08.000Z,imports,api-ms-win-core-processthreads-l1-1-0.dll,GetCurrentProcess,0bc222d659abfbc9d6daeb6c87502e57,0df54304f7e758188748ad130f26d4fdbe310e63d32cabee103dac5cb0a3c707,c:\Windows\System32\ntprint.dll
ntprint.dll,364032,3,2063108228,2035-05-18T13:37:08.000Z,imports,api-ms-win-core-processthreads-l1-1-0.dll,GetCurrentProcessId,0bc222d659abfbc9d6daeb6c87502e57,0df54304f7e758188748ad130f26d4fdbe310e63d32cabee103dac5cb0a3c707,c:\Windows\System32\ntprint.dll
ntprint.dll,364032,3,2063108228,2035-05-18T13:37:08.000Z,imports,api-ms-win-core-processthreads-l1-1-0.dll,GetCurrentThread,0bc222d659abfbc9d6daeb6c87502e57,0df54304f7e758188748ad130f26d4fdbe310e63d32cabee103dac5cb0a3c707,c:\Windows\System32\ntprint.dll
ntprint.dll,364032,3,2063108228,2035-05-18T13:37:08.000Z,imports,api-ms-win-core-processthreads-l1-1-0.dll,GetCurrentThreadId,0bc222d659abfbc9d6daeb6c87502e57,0df54304f7e758188748ad130f26d4fdbe310e63d32cabee103dac5cb0a3c707,c:\Windows\System32\ntprint.dll
ntprint.dll,364032,3,2063108228,2035-05-18T13:37:08.000Z,imports,api-ms-win-core-processthreads-l1-1-0.dll,GetExitCodeProcess,0bc222d659abfbc9d6daeb6c87502e57,0df54304f7e758188748ad130f26d4fdbe310e63d32cabee103dac5cb0a3c707,c:\Windows\System32\ntprint.dll
ntprint.dll,364032,3,2063108228,2035-05-18T13:37:08.000Z,imports,api-ms-win-core-processthreads-l1-1-0.dll,OpenProcessToken,0bc222d659abfbc9d6daeb6c87502e57,0df54304f7e758188748ad130f26d4fdbe310e63d32cabee103dac5cb0a3c707,c:\Windows\System32\ntprint.dll
ntprint.dll,364032,3,2063108228,2035-05-18T13:37:08.000Z,imports,api-ms-win-core-processthreads-l1-1-0.dll,OpenThreadToken,0bc222d659abfbc9d6daeb6c87502e57,0df54304f7e758188748ad130f26d4fdbe310e63d32cabee103dac5cb0a3c707,c:\Windows\System32\ntprint.dll
ntprint.dll,364032,3,2063108228,2035-05-18T13:37:08.000Z,imports,api-ms-win-core-processthreads-l1-1-0.dll,TerminateProcess,0bc222d659abfbc9d6daeb6c87502e57,0df54304f7e758188748ad130f26d4fdbe310e63d32cabee103dac5cb0a3c707,c:\Windows\System32\ntprint.dll
ntprint.dll,364032,3,2063108228,2035-05-18T13:37:08.000Z,imports,api-ms-win-core-localization-l1-2-0.dll,FormatMessageW,0bc222d659abfbc9d6daeb6c87502e57,0df54304f7e758188748ad130f26d4fdbe310e63d32cabee103dac5cb0a3c707,c:\Windows\System32\ntprint.dll
ntprint.dll,364032,3,2063108228,2035-05-18T13:37:08.000Z,imports,api-ms-win-core-localization-l1-2-0.dll,GetThreadPreferredUILanguages,0bc222d659abfbc9d6daeb6c87502e57,0df54304f7e758188748ad130f26d4fdbe310e63d32cabee103dac5cb0a3c707,c:\Windows\System32\ntprint.dll
ntprint.dll,364032,3,2063108228,2035-05-18T13:37:08.000Z,imports,api-ms-win-core-localization-l1-2-0.dll,SetThreadPreferredUILanguages,0bc222d659abfbc9d6daeb6c87502e57,0df54304f7e758188748ad130f26d4fdbe310e63d32cabee103dac5cb0a3c707,c:\Windows\System32\ntprint.dll
ntprint.dll,364032,3,2063108228,2035-05-18T13:37:08.000Z,imports,api-ms-win-core-debug-l1-1-0.dll,DebugBreak,0bc222d659abfbc9d6daeb6c87502e57,0df54304f7e758188748ad130f26d4fdbe310e63d32cabee103dac5cb0a3c707,c:\Windows\System32\ntprint.dll
ntprint.dll,364032,3,2063108228,2035-05-18T13:37:08.000Z,imports,api-ms-win-core-debug-l1-1-0.dll,IsDebuggerPresent,0bc222d659abfbc9d6daeb6c87502e57,0df54304f7e758188748ad130f26d4fdbe310e63d32cabee103dac5cb0a3c707,c:\Windows\System32\ntprint.dll
ntprint.dll,364032,3,2063108228,2035-05-18T13:37:08.000Z,imports,api-ms-win-core-debug-l1-1-0.dll,OutputDebugStringA,0bc222d659abfbc9d6daeb6c87502e57,0df54304f7e758188748ad130f26d4fdbe310e63d32cabee103dac5cb0a3c707,c:\Windows\System32\ntprint.dll
ntprint.dll,364032,3,2063108228,2035-05-18T13:37:08.000Z,imports,api-ms-win-core-debug-l1-1-0.dll,OutputDebugStringW,0bc222d659abfbc9d6daeb6c87502e57,0df54304f7e758188748ad130f26d4fdbe310e63d32cabee103dac5cb0a3c707,c:\Windows\System32\ntprint.dll
ntprint.dll,364032,3,2063108228,2035-05-18T13:37:08.000Z,imports,api-ms-win-core-string-l1-1-0.dll,CompareStringOrdinal,0bc222d659abfbc9d6daeb6c87502e57,0df54304f7e758188748ad130f26d4fdbe310e63d32cabee103dac5cb0a3c707,c:\Windows\System32\ntprint.dll
ntprint.dll,364032,3,2063108228,2035-05-18T13:37:08.000Z,imports,api-ms-win-core-string-l1-1-0.dll,CompareStringW,0bc222d659abfbc9d6daeb6c87502e57,0df54304f7e758188748ad130f26d4fdbe310e63d32cabee103dac5cb0a3c707,c:\Windows\System32\ntprint.dll
ntprint.dll,364032,3,2063108228,2035-05-18T13:37:08.000Z,imports,api-ms-win-core-string-l1-1-0.dll,WideCharToMultiByte,0bc222d659abfbc9d6daeb6c87502e57,0df54304f7e758188748ad130f26d4fdbe310e63d32cabee103dac5cb0a3c707,c:\Windows\System32\ntprint.dll
ntprint.dll,364032,3,2063108228,2035-05-18T13:37:08.000Z,imports,api-ms-win-security-base-l1-1-0.dll,AllocateAndInitializeSid,0bc222d659abfbc9d6daeb6c87502e57,0df54304f7e758188748ad130f26d4fdbe310e63d32cabee103dac5cb0a3c707,c:\Windows\System32\ntprint.dll
ntprint.dll,364032,3,2063108228,2035-05-18T13:37:08.000Z,imports,api-ms-win-security-base-l1-1-0.dll,CheckTokenMembership,0bc222d659abfbc9d6daeb6c87502e57,0df54304f7e758188748ad130f26d4fdbe310e63d32cabee103dac5cb0a3c707,c:\Windows\System32\ntprint.dll
ntprint.dll,364032,3,2063108228,2035-05-18T13:37:08.000Z,imports,api-ms-win-security-base-l1-1-0.dll,FreeSid,0bc222d659abfbc9d6daeb6c87502e57,0df54304f7e758188748ad130f26d4fdbe310e63d32cabee103dac5cb0a3c707,c:\Windows\System32\ntprint.dll
ntprint.dll,364032,3,2063108228,2035-05-18T13:37:08.000Z,imports,api-ms-win-security-base-l1-1-0.dll,GetSidSubAuthority,0bc222d659abfbc9d6daeb6c87502e57,0df54304f7e758188748ad130f26d4fdbe310e63d32cabee103dac5cb0a3c707,c:\Windows\System32\ntprint.dll
ntprint.dll,364032,3,2063108228,2035-05-18T13:37:08.000Z,imports,api-ms-win-security-base-l1-1-0.dll,GetSidSubAuthorityCount,0bc222d659abfbc9d6daeb6c87502e57,0df54304f7e758188748ad130f26d4fdbe310e63d32cabee103dac5cb0a3c707,c:\Windows\System32\ntprint.dll
ntprint.dll,364032,3,2063108228,2035-05-18T13:37:08.000Z,imports,api-ms-win-security-base-l1-1-0.dll,GetTokenInformation,0bc222d659abfbc9d6daeb6c87502e57,0df54304f7e758188748ad130f26d4fdbe310e63d32cabee103dac5cb0a3c707,c:\Windows\System32\ntprint.dll
ntprint.dll,364032,3,2063108228,2035-05-18T13:37:08.000Z,imports,api-ms-win-core-libraryloader-l1-2-1.dll,LoadLibraryW,0bc222d659abfbc9d6daeb6c87502e57,0df54304f7e758188748ad130f26d4fdbe310e63d32cabee103dac5cb0a3c707,c:\Windows\System32\ntprint.dll
ntprint.dll,364032,3,2063108228,2035-05-18T13:37:08.000Z,imports,api-ms-win-core-timezone-l1-1-0.dll,SystemTimeToFileTime,0bc222d659abfbc9d6daeb6c87502e57,0df54304f7e758188748ad130f26d4fdbe310e63d32cabee103dac5cb0a3c707,c:\Windows\System32\ntprint.dll
ntprint.dll,364032,3,2063108228,2035-05-18T13:37:08.000Z,imports,api-ms-win-core-version-l1-1-1.dll,GetFileVersionInfoSizeW,0bc222d659abfbc9d6daeb6c87502e57,0df54304f7e758188748ad130f26d4fdbe310e63d32cabee103dac5cb0a3c707,c:\Windows\System32\ntprint.dll
ntprint.dll,364032,3,2063108228,2035-05-18T13:37:08.000Z,imports,api-ms-win-core-version-l1-1-1.dll,GetFileVersionInfoW,0bc222d659abfbc9d6daeb6c87502e57,0df54304f7e758188748ad130f26d4fdbe310e63d32cabee103dac5cb0a3c707,c:\Windows\System32\ntprint.dll
ntprint.dll,364032,3,2063108228,2035-05-18T13:37:08.000Z,imports,api-ms-win-core-version-l1-1-0.dll,VerQueryValueW,0bc222d659abfbc9d6daeb6c87502e57,0df54304f7e758188748ad130f26d4fdbe310e63d32cabee103dac5cb0a3c707,c:\Windows\System32\ntprint.dll
ntprint.dll,364032,3,2063108228,2035-05-18T13:37:08.000Z,imports,api-ms-win-security-sddl-l1-1-0.dll,ConvertSecurityDescriptorToStringSecurityDescriptorW,0bc222d659abfbc9d6daeb6c87502e57,0df54304f7e758188748ad130f26d4fdbe310e63d32cabee103dac5cb0a3c707,c:\Windows\System32\ntprint.dll
ntprint.dll,364032,3,2063108228,2035-05-18T13:37:08.000Z,imports,api-ms-win-security-sddl-l1-1-0.dll,ConvertStringSecurityDescriptorToSecurityDescriptorW,0bc222d659abfbc9d6daeb6c87502e57,0df54304f7e758188748ad130f26d4fdbe310e63d32cabee103dac5cb0a3c707,c:\Windows\System32\ntprint.dll
ntprint.dll,364032,3,2063108228,2035-05-18T13:37:08.000Z,imports,api-ms-win-core-memory-l1-1-0.dll,CreateFileMappingW,0bc222d659abfbc9d6daeb6c87502e57,0df54304f7e758188748ad130f26d4fdbe310e63d32cabee103dac5cb0a3c707,c:\Windows\System32\ntprint.dll
ntprint.dll,364032,3,2063108228,2035-05-18T13:37:08.000Z,imports,api-ms-win-core-memory-l1-1-0.dll,MapViewOfFile,0bc222d659abfbc9d6daeb6c87502e57,0df54304f7e758188748ad130f26d4fdbe310e63d32cabee103dac5cb0a3c707,c:\Windows\System32\ntprint.dll
ntprint.dll,364032,3,2063108228,2035-05-18T13:37:08.000Z,imports,api-ms-win-core-memory-l1-1-0.dll,OpenFileMappingW,0bc222d659abfbc9d6daeb6c87502e57,0df54304f7e758188748ad130f26d4fdbe310e63d32cabee103dac5cb0a3c707,c:\Windows\System32\ntprint.dll
ntprint.dll,364032,3,2063108228,2035-05-18T13:37:08.000Z,imports,api-ms-win-core-memory-l1-1-0.dll,UnmapViewOfFile,0bc222d659abfbc9d6daeb6c87502e57,0df54304f7e758188748ad130f26d4fdbe310e63d32cabee103dac5cb0a3c707,c:\Windows\System32\ntprint.dll
ntprint.dll,364032,3,2063108228,2035-05-18T13:37:08.000Z,imports,api-ms-win-core-profile-l1-1-0.dll,QueryPerformanceCounter,0bc222d659abfbc9d6daeb6c87502e57,0df54304f7e758188748ad130f26d4fdbe310e63d32cabee103dac5cb0a3c707,c:\Windows\System32\ntprint.dll
ntprint.dll,364032,3,2063108228,2035-05-18T13:37:08.000Z,imports,kernel32.dll,ActivateActCtx,0bc222d659abfbc9d6daeb6c87502e57,0df54304f7e758188748ad130f26d4fdbe310e63d32cabee103dac5cb0a3c707,c:\Windows\System32\ntprint.dll
ntprint.dll,364032,3,2063108228,2035-05-18T13:37:08.000Z,imports,kernel32.dll,CheckElevationEnabled,0bc222d659abfbc9d6daeb6c87502e57,0df54304f7e758188748ad130f26d4fdbe310e63d32cabee103dac5cb0a3c707,c:\Windows\System32\ntprint.dll
ntprint.dll,364032,3,2063108228,2035-05-18T13:37:08.000Z,imports,kernel32.dll,CreateActCtxW,0bc222d659abfbc9d6daeb6c87502e57,0df54304f7e758188748ad130f26d4fdbe310e63d32cabee103dac5cb0a3c707,c:\Windows\System32\ntprint.dll
ntprint.dll,364032,3,2063108228,2035-05-18T13:37:08.000Z,imports,kernel32.dll,DeactivateActCtx,0bc222d659abfbc9d6daeb6c87502e57,0df54304f7e758188748ad130f26d4fdbe310e63d32cabee103dac5cb0a3c707,c:\Windows\System32\ntprint.dll
ntprint.dll,364032,3,2063108228,2035-05-18T13:37:08.000Z,imports,kernel32.dll,FindActCtxSectionStringW,0bc222d659abfbc9d6daeb6c87502e57,0df54304f7e758188748ad130f26d4fdbe310e63d32cabee103dac5cb0a3c707,c:\Windows\System32\ntprint.dll
ntprint.dll,364032,3,2063108228,2035-05-18T13:37:08.000Z,imports,kernel32.dll,GetComputerNameW,0bc222d659abfbc9d6daeb6c87502e57,0df54304f7e758188748ad130f26d4fdbe310e63d32cabee103dac5cb0a3c707,c:\Windows\System32\ntprint.dll
ntprint.dll,364032,3,2063108228,2035-05-18T13:37:08.000Z,imports,kernel32.dll,GetPrivateProfileIntW,0bc222d659abfbc9d6daeb6c87502e57,0df54304f7e758188748ad130f26d4fdbe310e63d32cabee103dac5cb0a3c707,c:\Windows\System32\ntprint.dll
ntprint.dll,364032,3,2063108228,2035-05-18T13:37:08.000Z,imports,kernel32.dll,GetPrivateProfileSectionW,0bc222d659abfbc9d6daeb6c87502e57,0df54304f7e758188748ad130f26d4fdbe310e63d32cabee103dac5cb0a3c707,c:\Windows\System32\ntprint.dll
ntprint.dll,364032,3,2063108228,2035-05-18T13:37:08.000Z,imports,kernel32.dll,GetPrivateProfileStringW,0bc222d659abfbc9d6daeb6c87502e57,0df54304f7e758188748ad130f26d4fdbe310e63d32cabee103dac5cb0a3c707,c:\Windows\System32\ntprint.dll
ntprint.dll,364032,3,2063108228,2035-05-18T13:37:08.000Z,imports,kernel32.dll,QueryActCtxW,0bc222d659abfbc9d6daeb6c87502e57,0df54304f7e758188748ad130f26d4fdbe310e63d32cabee103dac5cb0a3c707,c:\Windows\System32\ntprint.dll
ntprint.dll,364032,3,2063108228,2035-05-18T13:37:08.000Z,imports,kernel32.dll,WritePrivateProfileStringW,0bc222d659abfbc9d6daeb6c87502e57,0df54304f7e758188748ad130f26d4fdbe310e63d32cabee103dac5cb0a3c707,c:\Windows\System32\ntprint.dll
ntprint.dll,364032,3,2063108228,2035-05-18T13:37:08.000Z,imports,kernel32.dll,lstrcmpW,0bc222d659abfbc9d6daeb6c87502e57,0df54304f7e758188748ad130f26d4fdbe310e63d32cabee103dac5cb0a3c707,c:\Windows\System32\ntprint.dll
ntprint.dll,364032,3,2063108228,2035-05-18T13:37:08.000Z,imports,kernel32.dll,lstrcmpiW,0bc222d659abfbc9d6daeb6c87502e57,0df54304f7e758188748ad130f26d4fdbe310e63d32cabee103dac5cb0a3c707,c:\Windows\System32\ntprint.dll
ntprint.dll,364032,3,2063108228,2035-05-18T13:37:08.000Z,imports,advapi32.dll,DecryptFileW,0bc222d659abfbc9d6daeb6c87502e57,0df54304f7e758188748ad130f26d4fdbe310e63d32cabee103dac5cb0a3c707,c:\Windows\System32\ntprint.dll
ntprint.dll,364032,3,2063108228,2035-05-18T13:37:08.000Z,imports,advapi32.dll,GetSecurityInfo,0bc222d659abfbc9d6daeb6c87502e57,0df54304f7e758188748ad130f26d4fdbe310e63d32cabee103dac5cb0a3c707,c:\Windows\System32\ntprint.dll
ntprint.dll,364032,3,2063108228,2035-05-18T13:37:08.000Z,imports,advapi32.dll,RegDeleteKeyW,0bc222d659abfbc9d6daeb6c87502e57,0df54304f7e758188748ad130f26d4fdbe310e63d32cabee103dac5cb0a3c707,c:\Windows\System32\ntprint.dll
ntprint.dll,364032,3,2063108228,2035-05-18T13:37:08.000Z,imports,advapi32.dll,RegOpenKeyW,0bc222d659abfbc9d6daeb6c87502e57,0df54304f7e758188748ad130f26d4fdbe310e63d32cabee103dac5cb0a3c707,c:\Windows\System32\ntprint.dll
ntprint.dll,364032,3,2063108228,2035-05-18T13:37:08.000Z,imports,setupapi.dll,DriverStoreAddDriverPackageW,0bc222d659abfbc9d6daeb6c87502e57,0df54304f7e758188748ad130f26d4fdbe310e63d32cabee103dac5cb0a3c707,c:\Windows\System32\ntprint.dll
ntprint.dll,364032,3,2063108228,2035-05-18T13:37:08.000Z,imports,setupapi.dll,DriverStoreFindDriverPackageW,0bc222d659abfbc9d6daeb6c87502e57,0df54304f7e758188748ad130f26d4fdbe310e63d32cabee103dac5cb0a3c707,c:\Windows\System32\ntprint.dll
ntprint.dll,364032,3,2063108228,2035-05-18T13:37:08.000Z,imports,setupapi.dll,SetupCloseFileQueue,0bc222d659abfbc9d6daeb6c87502e57,0df54304f7e758188748ad130f26d4fdbe310e63d32cabee103dac5cb0a3c707,c:\Windows\System32\ntprint.dll
ntprint.dll,364032,3,2063108228,2035-05-18T13:37:08.000Z,imports,setupapi.dll,SetupCloseInfFile,0bc222d659abfbc9d6daeb6c87502e57,0df54304f7e758188748ad130f26d4fdbe310e63d32cabee103dac5cb0a3c707,c:\Windows\System32\ntprint.dll
ntprint.dll,364032,3,2063108228,2035-05-18T13:37:08.000Z,imports,setupapi.dll,SetupCommitFileQueueW,0bc222d659abfbc9d6daeb6c87502e57,0df54304f7e758188748ad130f26d4fdbe310e63d32cabee103dac5cb0a3c707,c:\Windows\System32\ntprint.dll
ntprint.dll,364032,3,2063108228,2035-05-18T13:37:08.000Z,imports,setupapi.dll,SetupDefaultQueueCallbackW,0bc222d659abfbc9d6daeb6c87502e57,0df54304f7e758188748ad130f26d4fdbe310e63d32cabee103dac5cb0a3c707,c:\Windows\System32\ntprint.dll
ntprint.dll,364032,3,2063108228,2035-05-18T13:37:08.000Z,imports,setupapi.dll,SetupDiBuildDriverInfoList,0bc222d659abfbc9d6daeb6c87502e57,0df54304f7e758188748ad130f26d4fdbe310e63d32cabee103dac5cb0a3c707,c:\Windows\System32\ntprint.dll
ntprint.dll,364032,3,2063108228,2035-05-18T13:37:08.000Z,imports,setupapi.dll,SetupDiCreateDeviceInfoList,0bc222d659abfbc9d6daeb6c87502e57,0df54304f7e758188748ad130f26d4fdbe310e63d32cabee103dac5cb0a3c707,c:\Windows\System32\ntprint.dll
ntprint.dll,364032,3,2063108228,2035-05-18T13:37:08.000Z,imports,setupapi.dll,SetupDiDestroyDeviceInfoList,0bc222d659abfbc9d6daeb6c87502e57,0df54304f7e758188748ad130f26d4fdbe310e63d32cabee103dac5cb0a3c707,c:\Windows\System32\ntprint.dll
ntprint.dll,364032,3,2063108228,2035-05-18T13:37:08.000Z,imports,setupapi.dll,SetupDiDestroyDriverInfoList,0bc222d659abfbc9d6daeb6c87502e57,0df54304f7e758188748ad130f26d4fdbe310e63d32cabee103dac5cb0a3c707,c:\Windows\System32\ntprint.dll
ntprint.dll,364032,3,2063108228,2035-05-18T13:37:08.000Z,imports,setupapi.dll,SetupDiEnumDriverInfoW,0bc222d659abfbc9d6daeb6c87502e57,0df54304f7e758188748ad130f26d4fdbe310e63d32cabee103dac5cb0a3c707,c:\Windows\System32\ntprint.dll
ntprint.dll,364032,3,2063108228,2035-05-18T13:37:08.000Z,imports,setupapi.dll,SetupDiGetActualSectionToInstallExW,0bc222d659abfbc9d6daeb6c87502e57,0df54304f7e758188748ad130f26d4fdbe310e63d32cabee103dac5cb0a3c707,c:\Windows\System32\ntprint.dll
ntprint.dll,364032,3,2063108228,2035-05-18T13:37:08.000Z,imports,setupapi.dll,SetupDiGetClassInstallParamsW,0bc222d659abfbc9d6daeb6c87502e57,0df54304f7e758188748ad130f26d4fdbe310e63d32cabee103dac5cb0a3c707,c:\Windows\System32\ntprint.dll
ntprint.dll,364032,3,2063108228,2035-05-18T13:37:08.000Z,imports,setupapi.dll,SetupDiGetDeviceInstallParamsW,0bc222d659abfbc9d6daeb6c87502e57,0df54304f7e758188748ad130f26d4fdbe310e63d32cabee103dac5cb0a3c707,c:\Windows\System32\ntprint.dll
ntprint.dll,364032,3,2063108228,2035-05-18T13:37:08.000Z,imports,setupapi.dll,SetupDiGetDeviceInstanceIdW,0bc222d659abfbc9d6daeb6c87502e57,0df54304f7e758188748ad130f26d4fdbe310e63d32cabee103dac5cb0a3c707,c:\Windows\System32\ntprint.dll
ntprint.dll,364032,3,2063108228,2035-05-18T13:37:08.000Z,imports,setupapi.dll,SetupDiGetDevicePropertyW,0bc222d659abfbc9d6daeb6c87502e57,0df54304f7e758188748ad130f26d4fdbe310e63d32cabee103dac5cb0a3c707,c:\Windows\System32\ntprint.dll
ntprint.dll,364032,3,2063108228,2035-05-18T13:37:08.000Z,imports,setupapi.dll,SetupDiGetDriverInfoDetailW,0bc222d659abfbc9d6daeb6c87502e57,0df54304f7e758188748ad130f26d4fdbe310e63d32cabee103dac5cb0a3c707,c:\Windows\System32\ntprint.dll
ntprint.dll,364032,3,2063108228,2035-05-18T13:37:08.000Z,imports,setupapi.dll,SetupDiGetDriverInstallParamsW,0bc222d659abfbc9d6daeb6c87502e57,0df54304f7e758188748ad130f26d4fdbe310e63d32cabee103dac5cb0a3c707,c:\Windows\System32\ntprint.dll
ntprint.dll,364032,3,2063108228,2035-05-18T13:37:08.000Z,imports,setupapi.dll,SetupDiGetSelectedDriverW,0bc222d659abfbc9d6daeb6c87502e57,0df54304f7e758188748ad130f26d4fdbe310e63d32cabee103dac5cb0a3c707,c:\Windows\System32\ntprint.dll
ntprint.dll,364032,3,2063108228,2035-05-18T13:37:08.000Z,imports,setupapi.dll,SetupDiGetWizardPage,0bc222d659abfbc9d6daeb6c87502e57,0df54304f7e758188748ad130f26d4fdbe310e63d32cabee103dac5cb0a3c707,c:\Windows\System32\ntprint.dll
ntprint.dll,364032,3,2063108228,2035-05-18T13:37:08.000Z,imports,setupapi.dll,SetupDiOpenDevRegKey,0bc222d659abfbc9d6daeb6c87502e57,0df54304f7e758188748ad130f26d4fdbe310e63d32cabee103dac5cb0a3c707,c:\Windows\System32\ntprint.dll
ntprint.dll,364032,3,2063108228,2035-05-18T13:37:08.000Z,imports,setupapi.dll,SetupDiSelectDevice,0bc222d659abfbc9d6daeb6c87502e57,0df54304f7e758188748ad130f26d4fdbe310e63d32cabee103dac5cb0a3c707,c:\Windows\System32\ntprint.dll
ntprint.dll,364032,3,2063108228,2035-05-18T13:37:08.000Z,imports,setupapi.dll,SetupDiSetClassInstallParamsW,0bc222d659abfbc9d6daeb6c87502e57,0df54304f7e758188748ad130f26d4fdbe310e63d32cabee103dac5cb0a3c707,c:\Windows\System32\ntprint.dll
ntprint.dll,364032,3,2063108228,2035-05-18T13:37:08.000Z,imports,setupapi.dll,SetupDiSetDeviceInstallParamsW,0bc222d659abfbc9d6daeb6c87502e57,0df54304f7e758188748ad130f26d4fdbe310e63d32cabee103dac5cb0a3c707,c:\Windows\System32\ntprint.dll
ntprint.dll,364032,3,2063108228,2035-05-18T13:37:08.000Z,imports,setupapi.dll,SetupDiSetDevicePropertyW,0bc222d659abfbc9d6daeb6c87502e57,0df54304f7e758188748ad130f26d4fdbe310e63d32cabee103dac5cb0a3c707,c:\Windows\System32\ntprint.dll
ntprint.dll,364032,3,2063108228,2035-05-18T13:37:08.000Z,imports,setupapi.dll,SetupDiSetDriverInstallParamsW,0bc222d659abfbc9d6daeb6c87502e57,0df54304f7e758188748ad130f26d4fdbe310e63d32cabee103dac5cb0a3c707,c:\Windows\System32\ntprint.dll
ntprint.dll,364032,3,2063108228,2035-05-18T13:37:08.000Z,imports,setupapi.dll,SetupDiSetSelectedDriverW,0bc222d659abfbc9d6daeb6c87502e57,0df54304f7e758188748ad130f26d4fdbe310e63d32cabee103dac5cb0a3c707,c:\Windows\System32\ntprint.dll
ntprint.dll,364032,3,2063108228,2035-05-18T13:37:08.000Z,imports,setupapi.dll,SetupEnumInfSectionsW,0bc222d659abfbc9d6daeb6c87502e57,0df54304f7e758188748ad130f26d4fdbe310e63d32cabee103dac5cb0a3c707,c:\Windows\System32\ntprint.dll
ntprint.dll,364032,3,2063108228,2035-05-18T13:37:08.000Z,imports,setupapi.dll,SetupFindFirstLineW,0bc222d659abfbc9d6daeb6c87502e57,0df54304f7e758188748ad130f26d4fdbe310e63d32cabee103dac5cb0a3c707,c:\Windows\System32\ntprint.dll
ntprint.dll,364032,3,2063108228,2035-05-18T13:37:08.000Z,imports,setupapi.dll,SetupFindNextLine,0bc222d659abfbc9d6daeb6c87502e57,0df54304f7e758188748ad130f26d4fdbe310e63d32cabee103dac5cb0a3c707,c:\Windows\System32\ntprint.dll
ntprint.dll,364032,3,2063108228,2035-05-18T13:37:08.000Z,imports,setupapi.dll,SetupFindNextMatchLineW,0bc222d659abfbc9d6daeb6c87502e57,0df54304f7e758188748ad130f26d4fdbe310e63d32cabee103dac5cb0a3c707,c:\Windows\System32\ntprint.dll
ntprint.dll,364032,3,2063108228,2035-05-18T13:37:08.000Z,imports,setupapi.dll,SetupGetFieldCount,0bc222d659abfbc9d6daeb6c87502e57,0df54304f7e758188748ad130f26d4fdbe310e63d32cabee103dac5cb0a3c707,c:\Windows\System32\ntprint.dll
ntprint.dll,364032,3,2063108228,2035-05-18T13:37:08.000Z,imports,setupapi.dll,SetupGetInfDriverStoreLocationW,0bc222d659abfbc9d6daeb6c87502e57,0df54304f7e758188748ad130f26d4fdbe310e63d32cabee103dac5cb0a3c707,c:\Windows\System32\ntprint.dll
ntprint.dll,364032,3,2063108228,2035-05-18T13:37:08.000Z,imports,setupapi.dll,SetupGetInfInformationW,0bc222d659abfbc9d6daeb6c87502e57,0df54304f7e758188748ad130f26d4fdbe310e63d32cabee103dac5cb0a3c707,c:\Windows\System32\ntprint.dll
ntprint.dll,364032,3,2063108228,2035-05-18T13:37:08.000Z,imports,setupapi.dll,SetupGetInfPublishedNameW,0bc222d659abfbc9d6daeb6c87502e57,0df54304f7e758188748ad130f26d4fdbe310e63d32cabee103dac5cb0a3c707,c:\Windows\System32\ntprint.dll
ntprint.dll,364032,3,2063108228,2035-05-18T13:37:08.000Z,imports,setupapi.dll,SetupGetIntField,0bc222d659abfbc9d6daeb6c87502e57,0df54304f7e758188748ad130f26d4fdbe310e63d32cabee103dac5cb0a3c707,c:\Windows\System32\ntprint.dll
ntprint.dll,364032,3,2063108228,2035-05-18T13:37:08.000Z,imports,setupapi.dll,SetupGetLineByIndexW,0bc222d659abfbc9d6daeb6c87502e57,0df54304f7e758188748ad130f26d4fdbe310e63d32cabee103dac5cb0a3c707,c:\Windows\System32\ntprint.dll
ntprint.dll,364032,3,2063108228,2035-05-18T13:37:08.000Z,imports,setupapi.dll,SetupGetLineCountW,0bc222d659abfbc9d6daeb6c87502e57,0df54304f7e758188748ad130f26d4fdbe310e63d32cabee103dac5cb0a3c707,c:\Windows\System32\ntprint.dll
ntprint.dll,364032,3,2063108228,2035-05-18T13:37:08.000Z,imports,setupapi.dll,SetupGetLineTextW,0bc222d659abfbc9d6daeb6c87502e57,0df54304f7e758188748ad130f26d4fdbe310e63d32cabee103dac5cb0a3c707,c:\Windows\System32\ntprint.dll
ntprint.dll,364032,3,2063108228,2035-05-18T13:37:08.000Z,imports,setupapi.dll,SetupGetMultiSzFieldW,0bc222d659abfbc9d6daeb6c87502e57,0df54304f7e758188748ad130f26d4fdbe310e63d32cabee103dac5cb0a3c707,c:\Windows\System32\ntprint.dll
ntprint.dll,364032,3,2063108228,2035-05-18T13:37:08.000Z,imports,setupapi.dll,SetupGetSourceFileLocationW,0bc222d659abfbc9d6daeb6c87502e57,0df54304f7e758188748ad130f26d4fdbe310e63d32cabee103dac5cb0a3c707,c:\Windows\System32\ntprint.dll
ntprint.dll,364032,3,2063108228,2035-05-18T13:37:08.000Z,imports,setupapi.dll,SetupGetSourceInfoW,0bc222d659abfbc9d6daeb6c87502e57,0df54304f7e758188748ad130f26d4fdbe310e63d32cabee103dac5cb0a3c707,c:\Windows\System32\ntprint.dll
ntprint.dll,364032,3,2063108228,2035-05-18T13:37:08.000Z,imports,setupapi.dll,SetupGetStringFieldW,0bc222d659abfbc9d6daeb6c87502e57,0df54304f7e758188748ad130f26d4fdbe310e63d32cabee103dac5cb0a3c707,c:\Windows\System32\ntprint.dll
ntprint.dll,364032,3,2063108228,2035-05-18T13:37:08.000Z,imports,setupapi.dll,SetupInitDefaultQueueCallback,0bc222d659abfbc9d6daeb6c87502e57,0df54304f7e758188748ad130f26d4fdbe310e63d32cabee103dac5cb0a3c707,c:\Windows\System32\ntprint.dll
ntprint.dll,364032,3,2063108228,2035-05-18T13:37:08.000Z,imports,setupapi.dll,SetupInitDefaultQueueCallbackEx,0bc222d659abfbc9d6daeb6c87502e57,0df54304f7e758188748ad130f26d4fdbe310e63d32cabee103dac5cb0a3c707,c:\Windows\System32\ntprint.dll
ntprint.dll,364032,3,2063108228,2035-05-18T13:37:08.000Z,imports,setupapi.dll,SetupInstallFilesFromInfSectionW,0bc222d659abfbc9d6daeb6c87502e57,0df54304f7e758188748ad130f26d4fdbe310e63d32cabee103dac5cb0a3c707,c:\Windows\System32\ntprint.dll
ntprint.dll,364032,3,2063108228,2035-05-18T13:37:08.000Z,imports,setupapi.dll,SetupInstallFromInfSectionW,0bc222d659abfbc9d6daeb6c87502e57,0df54304f7e758188748ad130f26d4fdbe310e63d32cabee103dac5cb0a3c707,c:\Windows\System32\ntprint.dll
ntprint.dll,364032,3,2063108228,2035-05-18T13:37:08.000Z,imports,setupapi.dll,SetupIterateCabinetW,0bc222d659abfbc9d6daeb6c87502e57,0df54304f7e758188748ad130f26d4fdbe310e63d32cabee103dac5cb0a3c707,c:\Windows\System32\ntprint.dll
ntprint.dll,364032,3,2063108228,2035-05-18T13:37:08.000Z,imports,setupapi.dll,SetupOpenAppendInfFileW,0bc222d659abfbc9d6daeb6c87502e57,0df54304f7e758188748ad130f26d4fdbe310e63d32cabee103dac5cb0a3c707,c:\Windows\System32\ntprint.dll
ntprint.dll,364032,3,2063108228,2035-05-18T13:37:08.000Z,imports,setupapi.dll,SetupOpenFileQueue,0bc222d659abfbc9d6daeb6c87502e57,0df54304f7e758188748ad130f26d4fdbe310e63d32cabee103dac5cb0a3c707,c:\Windows\System32\ntprint.dll
ntprint.dll,364032,3,2063108228,2035-05-18T13:37:08.000Z,imports,setupapi.dll,SetupOpenInfFileW,0bc222d659abfbc9d6daeb6c87502e57,0df54304f7e758188748ad130f26d4fdbe310e63d32cabee103dac5cb0a3c707,c:\Windows\System32\ntprint.dll
ntprint.dll,364032,3,2063108228,2035-05-18T13:37:08.000Z,imports,setupapi.dll,SetupPromptForDiskW,0bc222d659abfbc9d6daeb6c87502e57,0df54304f7e758188748ad130f26d4fdbe310e63d32cabee103dac5cb0a3c707,c:\Windows\System32\ntprint.dll
ntprint.dll,364032,3,2063108228,2035-05-18T13:37:08.000Z,imports,setupapi.dll,SetupQueryInfFileInformationW,0bc222d659abfbc9d6daeb6c87502e57,0df54304f7e758188748ad130f26d4fdbe310e63d32cabee103dac5cb0a3c707,c:\Windows\System32\ntprint.dll
ntprint.dll,364032,3,2063108228,2035-05-18T13:37:08.000Z,imports,setupapi.dll,SetupQueryInfOriginalFileInformationW,0bc222d659abfbc9d6daeb6c87502e57,0df54304f7e758188748ad130f26d4fdbe310e63d32cabee103dac5cb0a3c707,c:\Windows\System32\ntprint.dll
ntprint.dll,364032,3,2063108228,2035-05-18T13:37:08.000Z,imports,setupapi.dll,SetupQueryInfVersionInformationW,0bc222d659abfbc9d6daeb6c87502e57,0df54304f7e758188748ad130f26d4fdbe310e63d32cabee103dac5cb0a3c707,c:\Windows\System32\ntprint.dll
ntprint.dll,364032,3,2063108228,2035-05-18T13:37:08.000Z,imports,setupapi.dll,SetupQueueCopyIndirectW,0bc222d659abfbc9d6daeb6c87502e57,0df54304f7e758188748ad130f26d4fdbe310e63d32cabee103dac5cb0a3c707,c:\Windows\System32\ntprint.dll
ntprint.dll,364032,3,2063108228,2035-05-18T13:37:08.000Z,imports,setupapi.dll,SetupQueueCopyW,0bc222d659abfbc9d6daeb6c87502e57,0df54304f7e758188748ad130f26d4fdbe310e63d32cabee103dac5cb0a3c707,c:\Windows\System32\ntprint.dll
ntprint.dll,364032,3,2063108228,2035-05-18T13:37:08.000Z,imports,setupapi.dll,SetupRemoveFromSourceListW,0bc222d659abfbc9d6daeb6c87502e57,0df54304f7e758188748ad130f26d4fdbe310e63d32cabee103dac5cb0a3c707,c:\Windows\System32\ntprint.dll
ntprint.dll,364032,3,2063108228,2035-05-18T13:37:08.000Z,imports,setupapi.dll,SetupScanFileQueueW,0bc222d659abfbc9d6daeb6c87502e57,0df54304f7e758188748ad130f26d4fdbe310e63d32cabee103dac5cb0a3c707,c:\Windows\System32\ntprint.dll
ntprint.dll,364032,3,2063108228,2035-05-18T13:37:08.000Z,imports,setupapi.dll,SetupSetDirectoryIdW,0bc222d659abfbc9d6daeb6c87502e57,0df54304f7e758188748ad130f26d4fdbe310e63d32cabee103dac5cb0a3c707,c:\Windows\System32\ntprint.dll
ntprint.dll,364032,3,2063108228,2035-05-18T13:37:08.000Z,imports,setupapi.dll,SetupSetFileQueueAlternatePlatformW,0bc222d659abfbc9d6daeb6c87502e57,0df54304f7e758188748ad130f26d4fdbe310e63d32cabee103dac5cb0a3c707,c:\Windows\System32\ntprint.dll
ntprint.dll,364032,3,2063108228,2035-05-18T13:37:08.000Z,imports,setupapi.dll,SetupSetNonInteractiveMode,0bc222d659abfbc9d6daeb6c87502e57,0df54304f7e758188748ad130f26d4fdbe310e63d32cabee103dac5cb0a3c707,c:\Windows\System32\ntprint.dll
ntprint.dll,364032,3,2063108228,2035-05-18T13:37:08.000Z,imports,setupapi.dll,SetupTermDefaultQueueCallback,0bc222d659abfbc9d6daeb6c87502e57,0df54304f7e758188748ad130f26d4fdbe310e63d32cabee103dac5cb0a3c707,c:\Windows\System32\ntprint.dll
ntprint.dll,364032,3,2063108228,2035-05-18T13:37:08.000Z,imports,setupapi.dll,SetupVerifyInfFileW,0bc222d659abfbc9d6daeb6c87502e57,0df54304f7e758188748ad130f26d4fdbe310e63d32cabee103dac5cb0a3c707,c:\Windows\System32\ntprint.dll
ntprint.dll,364032,3,2063108228,2035-05-18T13:37:08.000Z,imports,setupapi.dll,pSetupGetField,0bc222d659abfbc9d6daeb6c87502e57,0df54304f7e758188748ad130f26d4fdbe310e63d32cabee103dac5cb0a3c707,c:\Windows\System32\ntprint.dll
ntprint.dll,364032,3,2063108228,2035-05-18T13:37:08.000Z,imports,setupapi.dll,pSetupGetGlobalFlags,0bc222d659abfbc9d6daeb6c87502e57,0df54304f7e758188748ad130f26d4fdbe310e63d32cabee103dac5cb0a3c707,c:\Windows\System32\ntprint.dll
ntprint.dll,364032,3,2063108228,2035-05-18T13:37:08.000Z,imports,setupapi.dll,pSetupSetGlobalFlags,0bc222d659abfbc9d6daeb6c87502e57,0df54304f7e758188748ad130f26d4fdbe310e63d32cabee103dac5cb0a3c707,c:\Windows\System32\ntprint.dll
ntprint.dll,364032,3,2063108228,2035-05-18T13:37:08.000Z,imports,winspool.dll,AddMonitorW,0bc222d659abfbc9d6daeb6c87502e57,0df54304f7e758188748ad130f26d4fdbe310e63d32cabee103dac5cb0a3c707,c:\Windows\System32\ntprint.dll
ntprint.dll,364032,3,2063108228,2035-05-18T13:37:08.000Z,imports,winspool.dll,AddPrintProcessorW,0bc222d659abfbc9d6daeb6c87502e57,0df54304f7e758188748ad130f26d4fdbe310e63d32cabee103dac5cb0a3c707,c:\Windows\System32\ntprint.dll
ntprint.dll,364032,3,2063108228,2035-05-18T13:37:08.000Z,imports,winspool.dll,AddPrinterDriverExW,0bc222d659abfbc9d6daeb6c87502e57,0df54304f7e758188748ad130f26d4fdbe310e63d32cabee103dac5cb0a3c707,c:\Windows\System32\ntprint.dll
ntprint.dll,364032,3,2063108228,2035-05-18T13:37:08.000Z,imports,winspool.dll,ClosePrinter,0bc222d659abfbc9d6daeb6c87502e57,0df54304f7e758188748ad130f26d4fdbe310e63d32cabee103dac5cb0a3c707,c:\Windows\System32\ntprint.dll
ntprint.dll,364032,3,2063108228,2035-05-18T13:37:08.000Z,imports,winspool.dll,CorePrinterDriverInstalledW,0bc222d659abfbc9d6daeb6c87502e57,0df54304f7e758188748ad130f26d4fdbe310e63d32cabee103dac5cb0a3c707,c:\Windows\System32\ntprint.dll
ntprint.dll,364032,3,2063108228,2035-05-18T13:37:08.000Z,imports,winspool.dll,DeletePrinter,0bc222d659abfbc9d6daeb6c87502e57,0df54304f7e758188748ad130f26d4fdbe310e63d32cabee103dac5cb0a3c707,c:\Windows\System32\ntprint.dll
ntprint.dll,364032,3,2063108228,2035-05-18T13:37:08.000Z,imports,winspool.dll,EnumMonitorsW,0bc222d659abfbc9d6daeb6c87502e57,0df54304f7e758188748ad130f26d4fdbe310e63d32cabee103dac5cb0a3c707,c:\Windows\System32\ntprint.dll
ntprint.dll,364032,3,2063108228,2035-05-18T13:37:08.000Z,imports,winspool.dll,EnumPrintProcessorsW,0bc222d659abfbc9d6daeb6c87502e57,0df54304f7e758188748ad130f26d4fdbe310e63d32cabee103dac5cb0a3c707,c:\Windows\System32\ntprint.dll
ntprint.dll,364032,3,2063108228,2035-05-18T13:37:08.000Z,imports,winspool.dll,EnumPrinterDriversW,0bc222d659abfbc9d6daeb6c87502e57,0df54304f7e758188748ad130f26d4fdbe310e63d32cabee103dac5cb0a3c707,c:\Windows\System32\ntprint.dll
ntprint.dll,364032,3,2063108228,2035-05-18T13:37:08.000Z,imports,winspool.dll,EnumPrintersW,0bc222d659abfbc9d6daeb6c87502e57,0df54304f7e758188748ad130f26d4fdbe310e63d32cabee103dac5cb0a3c707,c:\Windows\System32\ntprint.dll
ntprint.dll,364032,3,2063108228,2035-05-18T13:37:08.000Z,imports,winspool.dll,GetCorePrinterDriversW,0bc222d659abfbc9d6daeb6c87502e57,0df54304f7e758188748ad130f26d4fdbe310e63d32cabee103dac5cb0a3c707,c:\Windows\System32\ntprint.dll
ntprint.dll,364032,3,2063108228,2035-05-18T13:37:08.000Z,imports,winspool.dll,GetPrintProcessorDirectoryW,0bc222d659abfbc9d6daeb6c87502e57,0df54304f7e758188748ad130f26d4fdbe310e63d32cabee103dac5cb0a3c707,c:\Windows\System32\ntprint.dll
ntprint.dll,364032,3,2063108228,2035-05-18T13:37:08.000Z,imports,winspool.dll,GetPrinterDataExW,0bc222d659abfbc9d6daeb6c87502e57,0df54304f7e758188748ad130f26d4fdbe310e63d32cabee103dac5cb0a3c707,c:\Windows\System32\ntprint.dll
ntprint.dll,364032,3,2063108228,2035-05-18T13:37:08.000Z,imports,winspool.dll,GetPrinterDataW,0bc222d659abfbc9d6daeb6c87502e57,0df54304f7e758188748ad130f26d4fdbe310e63d32cabee103dac5cb0a3c707,c:\Windows\System32\ntprint.dll
ntprint.dll,364032,3,2063108228,2035-05-18T13:37:08.000Z,imports,winspool.dll,GetPrinterDriverDirectoryW,0bc222d659abfbc9d6daeb6c87502e57,0df54304f7e758188748ad130f26d4fdbe310e63d32cabee103dac5cb0a3c707,c:\Windows\System32\ntprint.dll
ntprint.dll,364032,3,2063108228,2035-05-18T13:37:08.000Z,imports,winspool.dll,GetPrinterW,0bc222d659abfbc9d6daeb6c87502e57,0df54304f7e758188748ad130f26d4fdbe310e63d32cabee103dac5cb0a3c707,c:\Windows\System32\ntprint.dll
ntprint.dll,364032,3,2063108228,2035-05-18T13:37:08.000Z,imports,winspool.dll,InstallPrinterDriverFromPackageW,0bc222d659abfbc9d6daeb6c87502e57,0df54304f7e758188748ad130f26d4fdbe310e63d32cabee103dac5cb0a3c707,c:\Windows\System32\ntprint.dll
ntprint.dll,364032,3,2063108228,2035-05-18T13:37:08.000Z,imports,winspool.dll,OpenPrinter2W,0bc222d659abfbc9d6daeb6c87502e57,0df54304f7e758188748ad130f26d4fdbe310e63d32cabee103dac5cb0a3c707,c:\Windows\System32\ntprint.dll
ntprint.dll,364032,3,2063108228,2035-05-18T13:37:08.000Z,imports,winspool.dll,OpenPrinterW,0bc222d659abfbc9d6daeb6c87502e57,0df54304f7e758188748ad130f26d4fdbe310e63d32cabee103dac5cb0a3c707,c:\Windows\System32\ntprint.dll
ntprint.dll,364032,3,2063108228,2035-05-18T13:37:08.000Z,imports,winspool.dll,SetPrinterDataExW,0bc222d659abfbc9d6daeb6c87502e57,0df54304f7e758188748ad130f26d4fdbe310e63d32cabee103dac5cb0a3c707,c:\Windows\System32\ntprint.dll
ntprint.dll,364032,3,2063108228,2035-05-18T13:37:08.000Z,imports,winspool.dll,SetPrinterDataW,0bc222d659abfbc9d6daeb6c87502e57,0df54304f7e758188748ad130f26d4fdbe310e63d32cabee103dac5cb0a3c707,c:\Windows\System32\ntprint.dll
ntprint.dll,364032,3,2063108228,2035-05-18T13:37:08.000Z,imports,winspool.dll,SetPrinterW,0bc222d659abfbc9d6daeb6c87502e57,0df54304f7e758188748ad130f26d4fdbe310e63d32cabee103dac5cb0a3c707,c:\Windows\System32\ntprint.dll
ntprint.dll,364032,3,2063108228,2035-05-18T13:37:08.000Z,imports,winspool.dll,UploadPrinterDriverPackageW,0bc222d659abfbc9d6daeb6c87502e57,0df54304f7e758188748ad130f26d4fdbe310e63d32cabee103dac5cb0a3c707,c:\Windows\System32\ntprint.dll
ntprint.dll,364032,3,2063108228,2035-05-18T13:37:08.000Z,imports,mscms.dll,GetColorDirectoryW,0bc222d659abfbc9d6daeb6c87502e57,0df54304f7e758188748ad130f26d4fdbe310e63d32cabee103dac5cb0a3c707,c:\Windows\System32\ntprint.dll
ntprint.dll,364032,3,2063108228,2035-05-18T13:37:08.000Z,imports,mscms.dll,InstallColorProfileW,0bc222d659abfbc9d6daeb6c87502e57,0df54304f7e758188748ad130f26d4fdbe310e63d32cabee103dac5cb0a3c707,c:\Windows\System32\ntprint.dll
ntprint.dll,364032,3,2063108228,2035-05-18T13:37:08.000Z,imports,mscms.dll,WcsAssociateColorProfileWithDevice,0bc222d659abfbc9d6daeb6c87502e57,0df54304f7e758188748ad130f26d4fdbe310e63d32cabee103dac5cb0a3c707,c:\Windows\System32\ntprint.dll
ntprint.dll,364032,3,2063108228,2035-05-18T13:37:08.000Z,imports,mscms.dll,WcsDisassociateColorProfileFromDevice,0bc222d659abfbc9d6daeb6c87502e57,0df54304f7e758188748ad130f26d4fdbe310e63d32cabee103dac5cb0a3c707,c:\Windows\System32\ntprint.dll
ntprint.dll,364032,3,2063108228,2035-05-18T13:37:08.000Z,imports,mscms.dll,WcsEnumColorProfiles,0bc222d659abfbc9d6daeb6c87502e57,0df54304f7e758188748ad130f26d4fdbe310e63d32cabee103dac5cb0a3c707,c:\Windows\System32\ntprint.dll
ntprint.dll,364032,3,2063108228,2035-05-18T13:37:08.000Z,imports,mscms.dll,WcsEnumColorProfilesSize,0bc222d659abfbc9d6daeb6c87502e57,0df54304f7e758188748ad130f26d4fdbe310e63d32cabee103dac5cb0a3c707,c:\Windows\System32\ntprint.dll
ntprint.dll,364032,3,2063108228,2035-05-18T13:37:08.000Z,imports,shell32.dll,ShellExecuteExW,0bc222d659abfbc9d6daeb6c87502e57,0df54304f7e758188748ad130f26d4fdbe310e63d32cabee103dac5cb0a3c707,c:\Windows\System32\ntprint.dll
ntprint.dll,364032,3,2063108228,2035-05-18T13:37:08.000Z,imports,api-ms-win-core-file-l2-1-0.dll,MoveFileExW,0bc222d659abfbc9d6daeb6c87502e57,0df54304f7e758188748ad130f26d4fdbe310e63d32cabee103dac5cb0a3c707,c:\Windows\System32\ntprint.dll
ntprint.dll,364032,3,2063108228,2035-05-18T13:37:08.000Z,exports,ntprint.dll,ClassInstall32,0bc222d659abfbc9d6daeb6c87502e57,0df54304f7e758188748ad130f26d4fdbe310e63d32cabee103dac5cb0a3c707,c:\Windows\System32\ntprint.dll
ntprint.dll,364032,3,2063108228,2035-05-18T13:37:08.000Z,exports,ntprint.dll,PSetupCheckForDriversInDriverStore,0bc222d659abfbc9d6daeb6c87502e57,0df54304f7e758188748ad130f26d4fdbe310e63d32cabee103dac5cb0a3c707,c:\Windows\System32\ntprint.dll
ntprint.dll,364032,3,2063108228,2035-05-18T13:37:08.000Z,exports,ntprint.dll,PSetupDownloadAndInstallLegacyDriverW,0bc222d659abfbc9d6daeb6c87502e57,0df54304f7e758188748ad130f26d4fdbe310e63d32cabee103dac5cb0a3c707,c:\Windows\System32\ntprint.dll
ntprint.dll,364032,3,2063108228,2035-05-18T13:37:08.000Z,exports,ntprint.dll,PSetupDriverStoreFindDriverPackageW,0bc222d659abfbc9d6daeb6c87502e57,0df54304f7e758188748ad130f26d4fdbe310e63d32cabee103dac5cb0a3c707,c:\Windows\System32\ntprint.dll
ntprint.dll,364032,3,2063108228,2035-05-18T13:37:08.000Z,exports,ntprint.dll,PSetupElevateAndCallDriverStoreAddDriverPackage,0bc222d659abfbc9d6daeb6c87502e57,0df54304f7e758188748ad130f26d4fdbe310e63d32cabee103dac5cb0a3c707,c:\Windows\System32\ntprint.dll
ntprint.dll,364032,3,2063108228,2035-05-18T13:37:08.000Z,exports,ntprint.dll,PSetupElevatedDriverStoreAddDriverPackageW,0bc222d659abfbc9d6daeb6c87502e57,0df54304f7e758188748ad130f26d4fdbe310e63d32cabee103dac5cb0a3c707,c:\Windows\System32\ntprint.dll
ntprint.dll,364032,3,2063108228,2035-05-18T13:37:08.000Z,exports,ntprint.dll,PSetupElevatedInstallDownloadedLegacyDriverW,0bc222d659abfbc9d6daeb6c87502e57,0df54304f7e758188748ad130f26d4fdbe310e63d32cabee103dac5cb0a3c707,c:\Windows\System32\ntprint.dll
ntprint.dll,364032,3,2063108228,2035-05-18T13:37:08.000Z,exports,ntprint.dll,PSetupElevatedInstallPrinterDriverFromTheWebW,0bc222d659abfbc9d6daeb6c87502e57,0df54304f7e758188748ad130f26d4fdbe310e63d32cabee103dac5cb0a3c707,c:\Windows\System32\ntprint.dll
ntprint.dll,364032,3,2063108228,2035-05-18T13:37:08.000Z,exports,ntprint.dll,PSetupElevatedLegacyPrintDriverInstallW,0bc222d659abfbc9d6daeb6c87502e57,0df54304f7e758188748ad130f26d4fdbe310e63d32cabee103dac5cb0a3c707,c:\Windows\System32\ntprint.dll
ntprint.dll,364032,3,2063108228,2035-05-18T13:37:08.000Z,exports,ntprint.dll,PSetupGetActualInstallSection,0bc222d659abfbc9d6daeb6c87502e57,0df54304f7e758188748ad130f26d4fdbe310e63d32cabee103dac5cb0a3c707,c:\Windows\System32\ntprint.dll
ntprint.dll,364032,3,2063108228,2035-05-18T13:37:08.000Z,exports,ntprint.dll,PSetupGetCatalogNameFromInfW,0bc222d659abfbc9d6daeb6c87502e57,0df54304f7e758188748ad130f26d4fdbe310e63d32cabee103dac5cb0a3c707,c:\Windows\System32\ntprint.dll
ntprint.dll,364032,3,2063108228,2035-05-18T13:37:08.000Z,exports,ntprint.dll,PSetupWebPnpGenerateDownLevelInfForInboxDriver,0bc222d659abfbc9d6daeb6c87502e57,0df54304f7e758188748ad130f26d4fdbe310e63d32cabee103dac5cb0a3c707,c:\Windows\System32\ntprint.dll
ntprint.dll,364032,3,2063108228,2035-05-18T13:37:08.000Z,exports,ntprint.dll,ServerInstallW,0bc222d659abfbc9d6daeb6c87502e57,0df54304f7e758188748ad130f26d4fdbe310e63d32cabee103dac5cb0a3c707,c:\Windows\System32\ntprint.dll
ntprint.dll,364032,3,2063108228,2035-05-18T13:37:08.000Z,exports,ntprint.dll,PSetupAssociateICMProfiles,0bc222d659abfbc9d6daeb6c87502e57,0df54304f7e758188748ad130f26d4fdbe310e63d32cabee103dac5cb0a3c707,c:\Windows\System32\ntprint.dll
ntprint.dll,364032,3,2063108228,2035-05-18T13:37:08.000Z,exports,ntprint.dll,PSetupBuildDriverList,0bc222d659abfbc9d6daeb6c87502e57,0df54304f7e758188748ad130f26d4fdbe310e63d32cabee103dac5cb0a3c707,c:\Windows\System32\ntprint.dll
ntprint.dll,364032,3,2063108228,2035-05-18T13:37:08.000Z,exports,ntprint.dll,PSetupBuildDriversFromPath,0bc222d659abfbc9d6daeb6c87502e57,0df54304f7e758188748ad130f26d4fdbe310e63d32cabee103dac5cb0a3c707,c:\Windows\System32\ntprint.dll
ntprint.dll,364032,3,2063108228,2035-05-18T13:37:08.000Z,exports,ntprint.dll,PSetupCopyDriverPackageFiles,0bc222d659abfbc9d6daeb6c87502e57,0df54304f7e758188748ad130f26d4fdbe310e63d32cabee103dac5cb0a3c707,c:\Windows\System32\ntprint.dll
ntprint.dll,364032,3,2063108228,2035-05-18T13:37:08.000Z,exports,ntprint.dll,PSetupCreateDrvSetupPage,0bc222d659abfbc9d6daeb6c87502e57,0df54304f7e758188748ad130f26d4fdbe310e63d32cabee103dac5cb0a3c707,c:\Windows\System32\ntprint.dll
ntprint.dll,364032,3,2063108228,2035-05-18T13:37:08.000Z,exports,ntprint.dll,PSetupCreateMonitorInfo,0bc222d659abfbc9d6daeb6c87502e57,0df54304f7e758188748ad130f26d4fdbe310e63d32cabee103dac5cb0a3c707,c:\Windows\System32\ntprint.dll
ntprint.dll,364032,3,2063108228,2035-05-18T13:37:08.000Z,exports,ntprint.dll,PSetupCreatePrinterDeviceInfoList,0bc222d659abfbc9d6daeb6c87502e57,0df54304f7e758188748ad130f26d4fdbe310e63d32cabee103dac5cb0a3c707,c:\Windows\System32\ntprint.dll
ntprint.dll,364032,3,2063108228,2035-05-18T13:37:08.000Z,exports,ntprint.dll,PSetupDestroyDriverInfo3,0bc222d659abfbc9d6daeb6c87502e57,0df54304f7e758188748ad130f26d4fdbe310e63d32cabee103dac5cb0a3c707,c:\Windows\System32\ntprint.dll
ntprint.dll,364032,3,2063108228,2035-05-18T13:37:08.000Z,exports,ntprint.dll,PSetupDestroyMonitorInfo,0bc222d659abfbc9d6daeb6c87502e57,0df54304f7e758188748ad130f26d4fdbe310e63d32cabee103dac5cb0a3c707,c:\Windows\System32\ntprint.dll
ntprint.dll,364032,3,2063108228,2035-05-18T13:37:08.000Z,exports,ntprint.dll,PSetupDestroyPrinterDeviceInfoList,0bc222d659abfbc9d6daeb6c87502e57,0df54304f7e758188748ad130f26d4fdbe310e63d32cabee103dac5cb0a3c707,c:\Windows\System32\ntprint.dll
ntprint.dll,364032,3,2063108228,2035-05-18T13:37:08.000Z,exports,ntprint.dll,PSetupDestroySelectedDriverInfo,0bc222d659abfbc9d6daeb6c87502e57,0df54304f7e758188748ad130f26d4fdbe310e63d32cabee103dac5cb0a3c707,c:\Windows\System32\ntprint.dll
ntprint.dll,364032,3,2063108228,2035-05-18T13:37:08.000Z,exports,ntprint.dll,PSetupDisassociateICMProfiles,0bc222d659abfbc9d6daeb6c87502e57,0df54304f7e758188748ad130f26d4fdbe310e63d32cabee103dac5cb0a3c707,c:\Windows\System32\ntprint.dll
ntprint.dll,364032,3,2063108228,2035-05-18T13:37:08.000Z,exports,ntprint.dll,PSetupDriverInfoFromDeviceID,0bc222d659abfbc9d6daeb6c87502e57,0df54304f7e758188748ad130f26d4fdbe310e63d32cabee103dac5cb0a3c707,c:\Windows\System32\ntprint.dll
ntprint.dll,364032,3,2063108228,2035-05-18T13:37:08.000Z,exports,ntprint.dll,PSetupDriverInfoFromName,0bc222d659abfbc9d6daeb6c87502e57,0df54304f7e758188748ad130f26d4fdbe310e63d32cabee103dac5cb0a3c707,c:\Windows\System32\ntprint.dll
ntprint.dll,364032,3,2063108228,2035-05-18T13:37:08.000Z,exports,ntprint.dll,PSetupDriverStoreAddDriverPackage,0bc222d659abfbc9d6daeb6c87502e57,0df54304f7e758188748ad130f26d4fdbe310e63d32cabee103dac5cb0a3c707,c:\Windows\System32\ntprint.dll
ntprint.dll,364032,3,2063108228,2035-05-18T13:37:08.000Z,exports,ntprint.dll,PSetupEnumMonitor,0bc222d659abfbc9d6daeb6c87502e57,0df54304f7e758188748ad130f26d4fdbe310e63d32cabee103dac5cb0a3c707,c:\Windows\System32\ntprint.dll
ntprint.dll,364032,3,2063108228,2035-05-18T13:37:08.000Z,exports,ntprint.dll,PSetupFindCompatibleDriverFromName,0bc222d659abfbc9d6daeb6c87502e57,0df54304f7e758188748ad130f26d4fdbe310e63d32cabee103dac5cb0a3c707,c:\Windows\System32\ntprint.dll
ntprint.dll,364032,3,2063108228,2035-05-18T13:37:08.000Z,exports,ntprint.dll,PSetupFreeDrvField,0bc222d659abfbc9d6daeb6c87502e57,0df54304f7e758188748ad130f26d4fdbe310e63d32cabee103dac5cb0a3c707,c:\Windows\System32\ntprint.dll
ntprint.dll,364032,3,2063108228,2035-05-18T13:37:08.000Z,exports,ntprint.dll,PSetupFreeMem,0bc222d659abfbc9d6daeb6c87502e57,0df54304f7e758188748ad130f26d4fdbe310e63d32cabee103dac5cb0a3c707,c:\Windows\System32\ntprint.dll
ntprint.dll,364032,3,2063108228,2035-05-18T13:37:08.000Z,exports,ntprint.dll,PSetupGetDriverInfo3,0bc222d659abfbc9d6daeb6c87502e57,0df54304f7e758188748ad130f26d4fdbe310e63d32cabee103dac5cb0a3c707,c:\Windows\System32\ntprint.dll
ntprint.dll,364032,3,2063108228,2035-05-18T13:37:08.000Z,exports,ntprint.dll,PSetupGetInfDriverStoreLocation,0bc222d659abfbc9d6daeb6c87502e57,0df54304f7e758188748ad130f26d4fdbe310e63d32cabee103dac5cb0a3c707,c:\Windows\System32\ntprint.dll
ntprint.dll,364032,3,2063108228,2035-05-18T13:37:08.000Z,exports,ntprint.dll,PSetupGetLocalDataField,0bc222d659abfbc9d6daeb6c87502e57,0df54304f7e758188748ad130f26d4fdbe310e63d32cabee103dac5cb0a3c707,c:\Windows\System32\ntprint.dll
ntprint.dll,364032,3,2063108228,2035-05-18T13:37:08.000Z,exports,ntprint.dll,PSetupGetPathToSearch,0bc222d659abfbc9d6daeb6c87502e57,0df54304f7e758188748ad130f26d4fdbe310e63d32cabee103dac5cb0a3c707,c:\Windows\System32\ntprint.dll
ntprint.dll,364032,3,2063108228,2035-05-18T13:37:08.000Z,exports,ntprint.dll,PSetupGetSelectedDriverInfo,0bc222d659abfbc9d6daeb6c87502e57,0df54304f7e758188748ad130f26d4fdbe310e63d32cabee103dac5cb0a3c707,c:\Windows\System32\ntprint.dll
ntprint.dll,364032,3,2063108228,2035-05-18T13:37:08.000Z,exports,ntprint.dll,PSetupInstallICMProfiles,0bc222d659abfbc9d6daeb6c87502e57,0df54304f7e758188748ad130f26d4fdbe310e63d32cabee103dac5cb0a3c707,c:\Windows\System32\ntprint.dll
ntprint.dll,364032,3,2063108228,2035-05-18T13:37:08.000Z,exports,ntprint.dll,PSetupInstallInboxDriverSilently,0bc222d659abfbc9d6daeb6c87502e57,0df54304f7e758188748ad130f26d4fdbe310e63d32cabee103dac5cb0a3c707,c:\Windows\System32\ntprint.dll
ntprint.dll,364032,3,2063108228,2035-05-18T13:37:08.000Z,exports,ntprint.dll,PSetupInstallMonitor,0bc222d659abfbc9d6daeb6c87502e57,0df54304f7e758188748ad130f26d4fdbe310e63d32cabee103dac5cb0a3c707,c:\Windows\System32\ntprint.dll
ntprint.dll,364032,3,2063108228,2035-05-18T13:37:08.000Z,exports,ntprint.dll,PSetupInstallPrinterDriver,0bc222d659abfbc9d6daeb6c87502e57,0df54304f7e758188748ad130f26d4fdbe310e63d32cabee103dac5cb0a3c707,c:\Windows\System32\ntprint.dll
ntprint.dll,364032,3,2063108228,2035-05-18T13:37:08.000Z,exports,ntprint.dll,PSetupIsCompatibleDriver,0bc222d659abfbc9d6daeb6c87502e57,0df54304f7e758188748ad130f26d4fdbe310e63d32cabee103dac5cb0a3c707,c:\Windows\System32\ntprint.dll
ntprint.dll,364032,3,2063108228,2035-05-18T13:37:08.000Z,exports,ntprint.dll,PSetupIsDriverInstalled,0bc222d659abfbc9d6daeb6c87502e57,0df54304f7e758188748ad130f26d4fdbe310e63d32cabee103dac5cb0a3c707,c:\Windows\System32\ntprint.dll
ntprint.dll,364032,3,2063108228,2035-05-18T13:37:08.000Z,exports,ntprint.dll,PSetupIsTheDriverFoundInInfInstalled,0bc222d659abfbc9d6daeb6c87502e57,0df54304f7e758188748ad130f26d4fdbe310e63d32cabee103dac5cb0a3c707,c:\Windows\System32\ntprint.dll
ntprint.dll,364032,3,2063108228,2035-05-18T13:37:08.000Z,exports,ntprint.dll,PSetupParseInfAndCommitFileQueue,0bc222d659abfbc9d6daeb6c87502e57,0df54304f7e758188748ad130f26d4fdbe310e63d32cabee103dac5cb0a3c707,c:\Windows\System32\ntprint.dll
ntprint.dll,364032,3,2063108228,2035-05-18T13:37:08.000Z,exports,ntprint.dll,PSetupPreSelectDriver,0bc222d659abfbc9d6daeb6c87502e57,0df54304f7e758188748ad130f26d4fdbe310e63d32cabee103dac5cb0a3c707,c:\Windows\System32\ntprint.dll
ntprint.dll,364032,3,2063108228,2035-05-18T13:37:08.000Z,exports,ntprint.dll,PSetupProcessPrinterAdded,0bc222d659abfbc9d6daeb6c87502e57,0df54304f7e758188748ad130f26d4fdbe310e63d32cabee103dac5cb0a3c707,c:\Windows\System32\ntprint.dll
ntprint.dll,364032,3,2063108228,2035-05-18T13:37:08.000Z,exports,ntprint.dll,PSetupSelectDeviceButtons,0bc222d659abfbc9d6daeb6c87502e57,0df54304f7e758188748ad130f26d4fdbe310e63d32cabee103dac5cb0a3c707,c:\Windows\System32\ntprint.dll
ntprint.dll,364032,3,2063108228,2035-05-18T13:37:08.000Z,exports,ntprint.dll,PSetupSelectDriver,0bc222d659abfbc9d6daeb6c87502e57,0df54304f7e758188748ad130f26d4fdbe310e63d32cabee103dac5cb0a3c707,c:\Windows\System32\ntprint.dll
ntprint.dll,364032,3,2063108228,2035-05-18T13:37:08.000Z,exports,ntprint.dll,PSetupSetCoreInboxDriverPath,0bc222d659abfbc9d6daeb6c87502e57,0df54304f7e758188748ad130f26d4fdbe310e63d32cabee103dac5cb0a3c707,c:\Windows\System32\ntprint.dll
ntprint.dll,364032,3,2063108228,2035-05-18T13:37:08.000Z,exports,ntprint.dll,PSetupSetDriverPlatform,0bc222d659abfbc9d6daeb6c87502e57,0df54304f7e758188748ad130f26d4fdbe310e63d32cabee103dac5cb0a3c707,c:\Windows\System32\ntprint.dll
ntprint.dll,364032,3,2063108228,2035-05-18T13:37:08.000Z,exports,ntprint.dll,PSetupSetNonInteractiveMode,0bc222d659abfbc9d6daeb6c87502e57,0df54304f7e758188748ad130f26d4fdbe310e63d32cabee103dac5cb0a3c707,c:\Windows\System32\ntprint.dll
ntprint.dll,364032,3,2063108228,2035-05-18T13:37:08.000Z,exports,ntprint.dll,PSetupSetSelectDevTitleAndInstructions,0bc222d659abfbc9d6daeb6c87502e57,0df54304f7e758188748ad130f26d4fdbe310e63d32cabee103dac5cb0a3c707,c:\Windows\System32\ntprint.dll
ntprint.dll,364032,3,2063108228,2035-05-18T13:37:08.000Z,exports,ntprint.dll,PSetupShowBlockedDriverUI,0bc222d659abfbc9d6daeb6c87502e57,0df54304f7e758188748ad130f26d4fdbe310e63d32cabee103dac5cb0a3c707,c:\Windows\System32\ntprint.dll
ntprint.dll,364032,3,2063108228,2035-05-18T13:37:08.000Z,exports,ntprint.dll,PSetupThisPlatform,0bc222d659abfbc9d6daeb6c87502e57,0df54304f7e758188748ad130f26d4fdbe310e63d32cabee103dac5cb0a3c707,c:\Windows\System32\ntprint.dll
