System.Net.Ping.dll,29088,3,1551509320,2019-03-02T06:48:40.000Z,imports,mscoree.dll,_CorDllMain,25e787acac09c9c4e03ea623681b2994,5ebd09faec4981ba83836ae366b1f99f880ed22ff6e73d5ced0c7f246d5a31de,c:\Windows\WinSxS\msil_system.net.ping_b03f5f7f11d50a3a_4.0.15788.0_none_8f71bbba6c9cecc8\System.Net.Ping.dll
