wabimp.dll,43008,2,3412610622,2078-02-20T19:23:42.000Z,imports,msvcrt.dll,_XcptFilter,5ef299234e0f547f8c8a083fd28d8fef,5cfb1d6bddad9e80ccf3b3a0e86f3415fb138c390c7069d4feaba94d56c8b86b,c:\Program Files (x86)\Windows Mail\wabimp.dll
wabimp.dll,43008,2,3412610622,2078-02-20T19:23:42.000Z,imports,msvcrt.dll,_amsg_exit,5ef299234e0f547f8c8a083fd28d8fef,5cfb1d6bddad9e80ccf3b3a0e86f3415fb138c390c7069d4feaba94d56c8b86b,c:\Program Files (x86)\Windows Mail\wabimp.dll
wabimp.dll,43008,2,3412610622,2078-02-20T19:23:42.000Z,imports,msvcrt.dll,_except_handler4_common,5ef299234e0f547f8c8a083fd28d8fef,5cfb1d6bddad9e80ccf3b3a0e86f3415fb138c390c7069d4feaba94d56c8b86b,c:\Program Files (x86)\Windows Mail\wabimp.dll
wabimp.dll,43008,2,3412610622,2078-02-20T19:23:42.000Z,imports,msvcrt.dll,_initterm,5ef299234e0f547f8c8a083fd28d8fef,5cfb1d6bddad9e80ccf3b3a0e86f3415fb138c390c7069d4feaba94d56c8b86b,c:\Program Files (x86)\Windows Mail\wabimp.dll
wabimp.dll,43008,2,3412610622,2078-02-20T19:23:42.000Z,imports,msvcrt.dll,_vsnprintf,5ef299234e0f547f8c8a083fd28d8fef,5cfb1d6bddad9e80ccf3b3a0e86f3415fb138c390c7069d4feaba94d56c8b86b,c:\Program Files (x86)\Windows Mail\wabimp.dll
wabimp.dll,43008,2,3412610622,2078-02-20T19:23:42.000Z,imports,msvcrt.dll,_vsnwprintf,5ef299234e0f547f8c8a083fd28d8fef,5cfb1d6bddad9e80ccf3b3a0e86f3415fb138c390c7069d4feaba94d56c8b86b,c:\Program Files (x86)\Windows Mail\wabimp.dll
wabimp.dll,43008,2,3412610622,2078-02-20T19:23:42.000Z,imports,msvcrt.dll,free,5ef299234e0f547f8c8a083fd28d8fef,5cfb1d6bddad9e80ccf3b3a0e86f3415fb138c390c7069d4feaba94d56c8b86b,c:\Program Files (x86)\Windows Mail\wabimp.dll
wabimp.dll,43008,2,3412610622,2078-02-20T19:23:42.000Z,imports,msvcrt.dll,malloc,5ef299234e0f547f8c8a083fd28d8fef,5cfb1d6bddad9e80ccf3b3a0e86f3415fb138c390c7069d4feaba94d56c8b86b,c:\Program Files (x86)\Windows Mail\wabimp.dll
wabimp.dll,43008,2,3412610622,2078-02-20T19:23:42.000Z,imports,msvcrt.dll,memcpy,5ef299234e0f547f8c8a083fd28d8fef,5cfb1d6bddad9e80ccf3b3a0e86f3415fb138c390c7069d4feaba94d56c8b86b,c:\Program Files (x86)\Windows Mail\wabimp.dll
wabimp.dll,43008,2,3412610622,2078-02-20T19:23:42.000Z,imports,msvcrt.dll,memset,5ef299234e0f547f8c8a083fd28d8fef,5cfb1d6bddad9e80ccf3b3a0e86f3415fb138c390c7069d4feaba94d56c8b86b,c:\Program Files (x86)\Windows Mail\wabimp.dll
wabimp.dll,43008,2,3412610622,2078-02-20T19:23:42.000Z,imports,msvcrt.dll,rand,5ef299234e0f547f8c8a083fd28d8fef,5cfb1d6bddad9e80ccf3b3a0e86f3415fb138c390c7069d4feaba94d56c8b86b,c:\Program Files (x86)\Windows Mail\wabimp.dll
wabimp.dll,43008,2,3412610622,2078-02-20T19:23:42.000Z,imports,msvcrt.dll,srand,5ef299234e0f547f8c8a083fd28d8fef,5cfb1d6bddad9e80ccf3b3a0e86f3415fb138c390c7069d4feaba94d56c8b86b,c:\Program Files (x86)\Windows Mail\wabimp.dll
wabimp.dll,43008,2,3412610622,2078-02-20T19:23:42.000Z,imports,kernel32.dll,CloseHandle,5ef299234e0f547f8c8a083fd28d8fef,5cfb1d6bddad9e80ccf3b3a0e86f3415fb138c390c7069d4feaba94d56c8b86b,c:\Program Files (x86)\Windows Mail\wabimp.dll
wabimp.dll,43008,2,3412610622,2078-02-20T19:23:42.000Z,imports,kernel32.dll,CreateFileW,5ef299234e0f547f8c8a083fd28d8fef,5cfb1d6bddad9e80ccf3b3a0e86f3415fb138c390c7069d4feaba94d56c8b86b,c:\Program Files (x86)\Windows Mail\wabimp.dll
wabimp.dll,43008,2,3412610622,2078-02-20T19:23:42.000Z,imports,kernel32.dll,DisableThreadLibraryCalls,5ef299234e0f547f8c8a083fd28d8fef,5cfb1d6bddad9e80ccf3b3a0e86f3415fb138c390c7069d4feaba94d56c8b86b,c:\Program Files (x86)\Windows Mail\wabimp.dll
wabimp.dll,43008,2,3412610622,2078-02-20T19:23:42.000Z,imports,kernel32.dll,ExpandEnvironmentStringsA,5ef299234e0f547f8c8a083fd28d8fef,5cfb1d6bddad9e80ccf3b3a0e86f3415fb138c390c7069d4feaba94d56c8b86b,c:\Program Files (x86)\Windows Mail\wabimp.dll
wabimp.dll,43008,2,3412610622,2078-02-20T19:23:42.000Z,imports,kernel32.dll,FormatMessageW,5ef299234e0f547f8c8a083fd28d8fef,5cfb1d6bddad9e80ccf3b3a0e86f3415fb138c390c7069d4feaba94d56c8b86b,c:\Program Files (x86)\Windows Mail\wabimp.dll
wabimp.dll,43008,2,3412610622,2078-02-20T19:23:42.000Z,imports,kernel32.dll,FreeLibrary,5ef299234e0f547f8c8a083fd28d8fef,5cfb1d6bddad9e80ccf3b3a0e86f3415fb138c390c7069d4feaba94d56c8b86b,c:\Program Files (x86)\Windows Mail\wabimp.dll
wabimp.dll,43008,2,3412610622,2078-02-20T19:23:42.000Z,imports,kernel32.dll,GetCurrentProcess,5ef299234e0f547f8c8a083fd28d8fef,5cfb1d6bddad9e80ccf3b3a0e86f3415fb138c390c7069d4feaba94d56c8b86b,c:\Program Files (x86)\Windows Mail\wabimp.dll
wabimp.dll,43008,2,3412610622,2078-02-20T19:23:42.000Z,imports,kernel32.dll,GetCurrentProcessId,5ef299234e0f547f8c8a083fd28d8fef,5cfb1d6bddad9e80ccf3b3a0e86f3415fb138c390c7069d4feaba94d56c8b86b,c:\Program Files (x86)\Windows Mail\wabimp.dll
wabimp.dll,43008,2,3412610622,2078-02-20T19:23:42.000Z,imports,kernel32.dll,GetCurrentThreadId,5ef299234e0f547f8c8a083fd28d8fef,5cfb1d6bddad9e80ccf3b3a0e86f3415fb138c390c7069d4feaba94d56c8b86b,c:\Program Files (x86)\Windows Mail\wabimp.dll
wabimp.dll,43008,2,3412610622,2078-02-20T19:23:42.000Z,imports,kernel32.dll,GetFileAttributesA,5ef299234e0f547f8c8a083fd28d8fef,5cfb1d6bddad9e80ccf3b3a0e86f3415fb138c390c7069d4feaba94d56c8b86b,c:\Program Files (x86)\Windows Mail\wabimp.dll
wabimp.dll,43008,2,3412610622,2078-02-20T19:23:42.000Z,imports,kernel32.dll,GetFileAttributesW,5ef299234e0f547f8c8a083fd28d8fef,5cfb1d6bddad9e80ccf3b3a0e86f3415fb138c390c7069d4feaba94d56c8b86b,c:\Program Files (x86)\Windows Mail\wabimp.dll
wabimp.dll,43008,2,3412610622,2078-02-20T19:23:42.000Z,imports,kernel32.dll,GetLastError,5ef299234e0f547f8c8a083fd28d8fef,5cfb1d6bddad9e80ccf3b3a0e86f3415fb138c390c7069d4feaba94d56c8b86b,c:\Program Files (x86)\Windows Mail\wabimp.dll
wabimp.dll,43008,2,3412610622,2078-02-20T19:23:42.000Z,imports,kernel32.dll,GetLocaleInfoA,5ef299234e0f547f8c8a083fd28d8fef,5cfb1d6bddad9e80ccf3b3a0e86f3415fb138c390c7069d4feaba94d56c8b86b,c:\Program Files (x86)\Windows Mail\wabimp.dll
wabimp.dll,43008,2,3412610622,2078-02-20T19:23:42.000Z,imports,kernel32.dll,GetSystemTimeAsFileTime,5ef299234e0f547f8c8a083fd28d8fef,5cfb1d6bddad9e80ccf3b3a0e86f3415fb138c390c7069d4feaba94d56c8b86b,c:\Program Files (x86)\Windows Mail\wabimp.dll
wabimp.dll,43008,2,3412610622,2078-02-20T19:23:42.000Z,imports,kernel32.dll,GetTickCount,5ef299234e0f547f8c8a083fd28d8fef,5cfb1d6bddad9e80ccf3b3a0e86f3415fb138c390c7069d4feaba94d56c8b86b,c:\Program Files (x86)\Windows Mail\wabimp.dll
wabimp.dll,43008,2,3412610622,2078-02-20T19:23:42.000Z,imports,kernel32.dll,LoadLibraryA,5ef299234e0f547f8c8a083fd28d8fef,5cfb1d6bddad9e80ccf3b3a0e86f3415fb138c390c7069d4feaba94d56c8b86b,c:\Program Files (x86)\Windows Mail\wabimp.dll
wabimp.dll,43008,2,3412610622,2078-02-20T19:23:42.000Z,imports,kernel32.dll,LocalAlloc,5ef299234e0f547f8c8a083fd28d8fef,5cfb1d6bddad9e80ccf3b3a0e86f3415fb138c390c7069d4feaba94d56c8b86b,c:\Program Files (x86)\Windows Mail\wabimp.dll
wabimp.dll,43008,2,3412610622,2078-02-20T19:23:42.000Z,imports,kernel32.dll,LocalFree,5ef299234e0f547f8c8a083fd28d8fef,5cfb1d6bddad9e80ccf3b3a0e86f3415fb138c390c7069d4feaba94d56c8b86b,c:\Program Files (x86)\Windows Mail\wabimp.dll
wabimp.dll,43008,2,3412610622,2078-02-20T19:23:42.000Z,imports,kernel32.dll,LocalReAlloc,5ef299234e0f547f8c8a083fd28d8fef,5cfb1d6bddad9e80ccf3b3a0e86f3415fb138c390c7069d4feaba94d56c8b86b,c:\Program Files (x86)\Windows Mail\wabimp.dll
wabimp.dll,43008,2,3412610622,2078-02-20T19:23:42.000Z,imports,kernel32.dll,MultiByteToWideChar,5ef299234e0f547f8c8a083fd28d8fef,5cfb1d6bddad9e80ccf3b3a0e86f3415fb138c390c7069d4feaba94d56c8b86b,c:\Program Files (x86)\Windows Mail\wabimp.dll
wabimp.dll,43008,2,3412610622,2078-02-20T19:23:42.000Z,imports,kernel32.dll,QueryPerformanceCounter,5ef299234e0f547f8c8a083fd28d8fef,5cfb1d6bddad9e80ccf3b3a0e86f3415fb138c390c7069d4feaba94d56c8b86b,c:\Program Files (x86)\Windows Mail\wabimp.dll
wabimp.dll,43008,2,3412610622,2078-02-20T19:23:42.000Z,imports,kernel32.dll,ReadFile,5ef299234e0f547f8c8a083fd28d8fef,5cfb1d6bddad9e80ccf3b3a0e86f3415fb138c390c7069d4feaba94d56c8b86b,c:\Program Files (x86)\Windows Mail\wabimp.dll
wabimp.dll,43008,2,3412610622,2078-02-20T19:23:42.000Z,imports,kernel32.dll,SetFilePointer,5ef299234e0f547f8c8a083fd28d8fef,5cfb1d6bddad9e80ccf3b3a0e86f3415fb138c390c7069d4feaba94d56c8b86b,c:\Program Files (x86)\Windows Mail\wabimp.dll
wabimp.dll,43008,2,3412610622,2078-02-20T19:23:42.000Z,imports,kernel32.dll,SetUnhandledExceptionFilter,5ef299234e0f547f8c8a083fd28d8fef,5cfb1d6bddad9e80ccf3b3a0e86f3415fb138c390c7069d4feaba94d56c8b86b,c:\Program Files (x86)\Windows Mail\wabimp.dll
wabimp.dll,43008,2,3412610622,2078-02-20T19:23:42.000Z,imports,kernel32.dll,Sleep,5ef299234e0f547f8c8a083fd28d8fef,5cfb1d6bddad9e80ccf3b3a0e86f3415fb138c390c7069d4feaba94d56c8b86b,c:\Program Files (x86)\Windows Mail\wabimp.dll
wabimp.dll,43008,2,3412610622,2078-02-20T19:23:42.000Z,imports,kernel32.dll,TerminateProcess,5ef299234e0f547f8c8a083fd28d8fef,5cfb1d6bddad9e80ccf3b3a0e86f3415fb138c390c7069d4feaba94d56c8b86b,c:\Program Files (x86)\Windows Mail\wabimp.dll
wabimp.dll,43008,2,3412610622,2078-02-20T19:23:42.000Z,imports,kernel32.dll,UnhandledExceptionFilter,5ef299234e0f547f8c8a083fd28d8fef,5cfb1d6bddad9e80ccf3b3a0e86f3415fb138c390c7069d4feaba94d56c8b86b,c:\Program Files (x86)\Windows Mail\wabimp.dll
wabimp.dll,43008,2,3412610622,2078-02-20T19:23:42.000Z,imports,kernel32.dll,WideCharToMultiByte,5ef299234e0f547f8c8a083fd28d8fef,5cfb1d6bddad9e80ccf3b3a0e86f3415fb138c390c7069d4feaba94d56c8b86b,c:\Program Files (x86)\Windows Mail\wabimp.dll
wabimp.dll,43008,2,3412610622,2078-02-20T19:23:42.000Z,imports,kernel32.dll,WriteFile,5ef299234e0f547f8c8a083fd28d8fef,5cfb1d6bddad9e80ccf3b3a0e86f3415fb138c390c7069d4feaba94d56c8b86b,c:\Program Files (x86)\Windows Mail\wabimp.dll
wabimp.dll,43008,2,3412610622,2078-02-20T19:23:42.000Z,imports,kernel32.dll,lstrcmpiA,5ef299234e0f547f8c8a083fd28d8fef,5cfb1d6bddad9e80ccf3b3a0e86f3415fb138c390c7069d4feaba94d56c8b86b,c:\Program Files (x86)\Windows Mail\wabimp.dll
wabimp.dll,43008,2,3412610622,2078-02-20T19:23:42.000Z,imports,kernel32.dll,lstrcmpiW,5ef299234e0f547f8c8a083fd28d8fef,5cfb1d6bddad9e80ccf3b3a0e86f3415fb138c390c7069d4feaba94d56c8b86b,c:\Program Files (x86)\Windows Mail\wabimp.dll
wabimp.dll,43008,2,3412610622,2078-02-20T19:23:42.000Z,imports,user32.dll,CharNextA,5ef299234e0f547f8c8a083fd28d8fef,5cfb1d6bddad9e80ccf3b3a0e86f3415fb138c390c7069d4feaba94d56c8b86b,c:\Program Files (x86)\Windows Mail\wabimp.dll
wabimp.dll,43008,2,3412610622,2078-02-20T19:23:42.000Z,imports,user32.dll,CharNextW,5ef299234e0f547f8c8a083fd28d8fef,5cfb1d6bddad9e80ccf3b3a0e86f3415fb138c390c7069d4feaba94d56c8b86b,c:\Program Files (x86)\Windows Mail\wabimp.dll
wabimp.dll,43008,2,3412610622,2078-02-20T19:23:42.000Z,imports,user32.dll,CheckDlgButton,5ef299234e0f547f8c8a083fd28d8fef,5cfb1d6bddad9e80ccf3b3a0e86f3415fb138c390c7069d4feaba94d56c8b86b,c:\Program Files (x86)\Windows Mail\wabimp.dll
wabimp.dll,43008,2,3412610622,2078-02-20T19:23:42.000Z,imports,user32.dll,DialogBoxParamA,5ef299234e0f547f8c8a083fd28d8fef,5cfb1d6bddad9e80ccf3b3a0e86f3415fb138c390c7069d4feaba94d56c8b86b,c:\Program Files (x86)\Windows Mail\wabimp.dll
wabimp.dll,43008,2,3412610622,2078-02-20T19:23:42.000Z,imports,user32.dll,DialogBoxParamW,5ef299234e0f547f8c8a083fd28d8fef,5cfb1d6bddad9e80ccf3b3a0e86f3415fb138c390c7069d4feaba94d56c8b86b,c:\Program Files (x86)\Windows Mail\wabimp.dll
wabimp.dll,43008,2,3412610622,2078-02-20T19:23:42.000Z,imports,user32.dll,EnableWindow,5ef299234e0f547f8c8a083fd28d8fef,5cfb1d6bddad9e80ccf3b3a0e86f3415fb138c390c7069d4feaba94d56c8b86b,c:\Program Files (x86)\Windows Mail\wabimp.dll
wabimp.dll,43008,2,3412610622,2078-02-20T19:23:42.000Z,imports,user32.dll,EndDialog,5ef299234e0f547f8c8a083fd28d8fef,5cfb1d6bddad9e80ccf3b3a0e86f3415fb138c390c7069d4feaba94d56c8b86b,c:\Program Files (x86)\Windows Mail\wabimp.dll
wabimp.dll,43008,2,3412610622,2078-02-20T19:23:42.000Z,imports,user32.dll,GetClientRect,5ef299234e0f547f8c8a083fd28d8fef,5cfb1d6bddad9e80ccf3b3a0e86f3415fb138c390c7069d4feaba94d56c8b86b,c:\Program Files (x86)\Windows Mail\wabimp.dll
wabimp.dll,43008,2,3412610622,2078-02-20T19:23:42.000Z,imports,user32.dll,GetDlgItem,5ef299234e0f547f8c8a083fd28d8fef,5cfb1d6bddad9e80ccf3b3a0e86f3415fb138c390c7069d4feaba94d56c8b86b,c:\Program Files (x86)\Windows Mail\wabimp.dll
wabimp.dll,43008,2,3412610622,2078-02-20T19:23:42.000Z,imports,user32.dll,GetMessagePos,5ef299234e0f547f8c8a083fd28d8fef,5cfb1d6bddad9e80ccf3b3a0e86f3415fb138c390c7069d4feaba94d56c8b86b,c:\Program Files (x86)\Windows Mail\wabimp.dll
wabimp.dll,43008,2,3412610622,2078-02-20T19:23:42.000Z,imports,user32.dll,GetParent,5ef299234e0f547f8c8a083fd28d8fef,5cfb1d6bddad9e80ccf3b3a0e86f3415fb138c390c7069d4feaba94d56c8b86b,c:\Program Files (x86)\Windows Mail\wabimp.dll
wabimp.dll,43008,2,3412610622,2078-02-20T19:23:42.000Z,imports,user32.dll,GetPropW,5ef299234e0f547f8c8a083fd28d8fef,5cfb1d6bddad9e80ccf3b3a0e86f3415fb138c390c7069d4feaba94d56c8b86b,c:\Program Files (x86)\Windows Mail\wabimp.dll
wabimp.dll,43008,2,3412610622,2078-02-20T19:23:42.000Z,imports,user32.dll,GetWindowLongA,5ef299234e0f547f8c8a083fd28d8fef,5cfb1d6bddad9e80ccf3b3a0e86f3415fb138c390c7069d4feaba94d56c8b86b,c:\Program Files (x86)\Windows Mail\wabimp.dll
wabimp.dll,43008,2,3412610622,2078-02-20T19:23:42.000Z,imports,user32.dll,GetWindowTextW,5ef299234e0f547f8c8a083fd28d8fef,5cfb1d6bddad9e80ccf3b3a0e86f3415fb138c390c7069d4feaba94d56c8b86b,c:\Program Files (x86)\Windows Mail\wabimp.dll
wabimp.dll,43008,2,3412610622,2078-02-20T19:23:42.000Z,imports,user32.dll,IsDlgButtonChecked,5ef299234e0f547f8c8a083fd28d8fef,5cfb1d6bddad9e80ccf3b3a0e86f3415fb138c390c7069d4feaba94d56c8b86b,c:\Program Files (x86)\Windows Mail\wabimp.dll
wabimp.dll,43008,2,3412610622,2078-02-20T19:23:42.000Z,imports,user32.dll,LoadStringW,5ef299234e0f547f8c8a083fd28d8fef,5cfb1d6bddad9e80ccf3b3a0e86f3415fb138c390c7069d4feaba94d56c8b86b,c:\Program Files (x86)\Windows Mail\wabimp.dll
wabimp.dll,43008,2,3412610622,2078-02-20T19:23:42.000Z,imports,user32.dll,MessageBoxW,5ef299234e0f547f8c8a083fd28d8fef,5cfb1d6bddad9e80ccf3b3a0e86f3415fb138c390c7069d4feaba94d56c8b86b,c:\Program Files (x86)\Windows Mail\wabimp.dll
wabimp.dll,43008,2,3412610622,2078-02-20T19:23:42.000Z,imports,user32.dll,PostMessageA,5ef299234e0f547f8c8a083fd28d8fef,5cfb1d6bddad9e80ccf3b3a0e86f3415fb138c390c7069d4feaba94d56c8b86b,c:\Program Files (x86)\Windows Mail\wabimp.dll
wabimp.dll,43008,2,3412610622,2078-02-20T19:23:42.000Z,imports,user32.dll,ScreenToClient,5ef299234e0f547f8c8a083fd28d8fef,5cfb1d6bddad9e80ccf3b3a0e86f3415fb138c390c7069d4feaba94d56c8b86b,c:\Program Files (x86)\Windows Mail\wabimp.dll
wabimp.dll,43008,2,3412610622,2078-02-20T19:23:42.000Z,imports,user32.dll,SendMessageA,5ef299234e0f547f8c8a083fd28d8fef,5cfb1d6bddad9e80ccf3b3a0e86f3415fb138c390c7069d4feaba94d56c8b86b,c:\Program Files (x86)\Windows Mail\wabimp.dll
wabimp.dll,43008,2,3412610622,2078-02-20T19:23:42.000Z,imports,user32.dll,SendMessageW,5ef299234e0f547f8c8a083fd28d8fef,5cfb1d6bddad9e80ccf3b3a0e86f3415fb138c390c7069d4feaba94d56c8b86b,c:\Program Files (x86)\Windows Mail\wabimp.dll
wabimp.dll,43008,2,3412610622,2078-02-20T19:23:42.000Z,imports,user32.dll,SetDlgItemTextW,5ef299234e0f547f8c8a083fd28d8fef,5cfb1d6bddad9e80ccf3b3a0e86f3415fb138c390c7069d4feaba94d56c8b86b,c:\Program Files (x86)\Windows Mail\wabimp.dll
wabimp.dll,43008,2,3412610622,2078-02-20T19:23:42.000Z,imports,user32.dll,SetPropW,5ef299234e0f547f8c8a083fd28d8fef,5cfb1d6bddad9e80ccf3b3a0e86f3415fb138c390c7069d4feaba94d56c8b86b,c:\Program Files (x86)\Windows Mail\wabimp.dll
wabimp.dll,43008,2,3412610622,2078-02-20T19:23:42.000Z,imports,user32.dll,SetWindowLongA,5ef299234e0f547f8c8a083fd28d8fef,5cfb1d6bddad9e80ccf3b3a0e86f3415fb138c390c7069d4feaba94d56c8b86b,c:\Program Files (x86)\Windows Mail\wabimp.dll
wabimp.dll,43008,2,3412610622,2078-02-20T19:23:42.000Z,imports,advapi32.dll,RegCloseKey,5ef299234e0f547f8c8a083fd28d8fef,5cfb1d6bddad9e80ccf3b3a0e86f3415fb138c390c7069d4feaba94d56c8b86b,c:\Program Files (x86)\Windows Mail\wabimp.dll
wabimp.dll,43008,2,3412610622,2078-02-20T19:23:42.000Z,imports,advapi32.dll,RegOpenKeyExA,5ef299234e0f547f8c8a083fd28d8fef,5cfb1d6bddad9e80ccf3b3a0e86f3415fb138c390c7069d4feaba94d56c8b86b,c:\Program Files (x86)\Windows Mail\wabimp.dll
wabimp.dll,43008,2,3412610622,2078-02-20T19:23:42.000Z,imports,advapi32.dll,RegQueryValueExA,5ef299234e0f547f8c8a083fd28d8fef,5cfb1d6bddad9e80ccf3b3a0e86f3415fb138c390c7069d4feaba94d56c8b86b,c:\Program Files (x86)\Windows Mail\wabimp.dll
wabimp.dll,43008,2,3412610622,2078-02-20T19:23:42.000Z,imports,shell32.dll,SHBrowseForFolderW,5ef299234e0f547f8c8a083fd28d8fef,5cfb1d6bddad9e80ccf3b3a0e86f3415fb138c390c7069d4feaba94d56c8b86b,c:\Program Files (x86)\Windows Mail\wabimp.dll
wabimp.dll,43008,2,3412610622,2078-02-20T19:23:42.000Z,imports,shell32.dll,SHGetPathFromIDListW,5ef299234e0f547f8c8a083fd28d8fef,5cfb1d6bddad9e80ccf3b3a0e86f3415fb138c390c7069d4feaba94d56c8b86b,c:\Program Files (x86)\Windows Mail\wabimp.dll
wabimp.dll,43008,2,3412610622,2078-02-20T19:23:42.000Z,imports,comctl32.dll,ImageList_LoadImageA,5ef299234e0f547f8c8a083fd28d8fef,5cfb1d6bddad9e80ccf3b3a0e86f3415fb138c390c7069d4feaba94d56c8b86b,c:\Program Files (x86)\Windows Mail\wabimp.dll
wabimp.dll,43008,2,3412610622,2078-02-20T19:23:42.000Z,imports,comctl32.dll,PropertySheetA,5ef299234e0f547f8c8a083fd28d8fef,5cfb1d6bddad9e80ccf3b3a0e86f3415fb138c390c7069d4feaba94d56c8b86b,c:\Program Files (x86)\Windows Mail\wabimp.dll
wabimp.dll,43008,2,3412610622,2078-02-20T19:23:42.000Z,imports,comdlg32.dll,GetOpenFileNameW,5ef299234e0f547f8c8a083fd28d8fef,5cfb1d6bddad9e80ccf3b3a0e86f3415fb138c390c7069d4feaba94d56c8b86b,c:\Program Files (x86)\Windows Mail\wabimp.dll
wabimp.dll,43008,2,3412610622,2078-02-20T19:23:42.000Z,imports,comdlg32.dll,GetSaveFileNameW,5ef299234e0f547f8c8a083fd28d8fef,5cfb1d6bddad9e80ccf3b3a0e86f3415fb138c390c7069d4feaba94d56c8b86b,c:\Program Files (x86)\Windows Mail\wabimp.dll
wabimp.dll,43008,2,3412610622,2078-02-20T19:23:42.000Z,imports,shlwapi.dll,PathAddExtensionW,5ef299234e0f547f8c8a083fd28d8fef,5cfb1d6bddad9e80ccf3b3a0e86f3415fb138c390c7069d4feaba94d56c8b86b,c:\Program Files (x86)\Windows Mail\wabimp.dll
wabimp.dll,43008,2,3412610622,2078-02-20T19:23:42.000Z,imports,shlwapi.dll,PathAppendA,5ef299234e0f547f8c8a083fd28d8fef,5cfb1d6bddad9e80ccf3b3a0e86f3415fb138c390c7069d4feaba94d56c8b86b,c:\Program Files (x86)\Windows Mail\wabimp.dll
wabimp.dll,43008,2,3412610622,2078-02-20T19:23:42.000Z,imports,shlwapi.dll,PathAppendW,5ef299234e0f547f8c8a083fd28d8fef,5cfb1d6bddad9e80ccf3b3a0e86f3415fb138c390c7069d4feaba94d56c8b86b,c:\Program Files (x86)\Windows Mail\wabimp.dll
wabimp.dll,43008,2,3412610622,2078-02-20T19:23:42.000Z,imports,shlwapi.dll,PathIsDirectoryW,5ef299234e0f547f8c8a083fd28d8fef,5cfb1d6bddad9e80ccf3b3a0e86f3415fb138c390c7069d4feaba94d56c8b86b,c:\Program Files (x86)\Windows Mail\wabimp.dll
wabimp.dll,43008,2,3412610622,2078-02-20T19:23:42.000Z,imports,shlwapi.dll,PathRemoveBackslashW,5ef299234e0f547f8c8a083fd28d8fef,5cfb1d6bddad9e80ccf3b3a0e86f3415fb138c390c7069d4feaba94d56c8b86b,c:\Program Files (x86)\Windows Mail\wabimp.dll
wabimp.dll,43008,2,3412610622,2078-02-20T19:23:42.000Z,imports,shlwapi.dll,PathRemoveFileSpecA,5ef299234e0f547f8c8a083fd28d8fef,5cfb1d6bddad9e80ccf3b3a0e86f3415fb138c390c7069d4feaba94d56c8b86b,c:\Program Files (x86)\Windows Mail\wabimp.dll
wabimp.dll,43008,2,3412610622,2078-02-20T19:23:42.000Z,imports,shlwapi.dll,PathRemoveFileSpecW,5ef299234e0f547f8c8a083fd28d8fef,5cfb1d6bddad9e80ccf3b3a0e86f3415fb138c390c7069d4feaba94d56c8b86b,c:\Program Files (x86)\Windows Mail\wabimp.dll
wabimp.dll,43008,2,3412610622,2078-02-20T19:23:42.000Z,imports,shlwapi.dll,SHCreateStreamOnFileEx,5ef299234e0f547f8c8a083fd28d8fef,5cfb1d6bddad9e80ccf3b3a0e86f3415fb138c390c7069d4feaba94d56c8b86b,c:\Program Files (x86)\Windows Mail\wabimp.dll
wabimp.dll,43008,2,3412610622,2078-02-20T19:23:42.000Z,imports,api-ms-win-core-com-l1-1-0.dll,CoTaskMemFree,5ef299234e0f547f8c8a083fd28d8fef,5cfb1d6bddad9e80ccf3b3a0e86f3415fb138c390c7069d4feaba94d56c8b86b,c:\Program Files (x86)\Windows Mail\wabimp.dll
wabimp.dll,43008,2,3412610622,2078-02-20T19:23:42.000Z,exports,wabimp.dll,CSVExport,5ef299234e0f547f8c8a083fd28d8fef,5cfb1d6bddad9e80ccf3b3a0e86f3415fb138c390c7069d4feaba94d56c8b86b,c:\Program Files (x86)\Windows Mail\wabimp.dll
wabimp.dll,43008,2,3412610622,2078-02-20T19:23:42.000Z,exports,wabimp.dll,CSVImport,5ef299234e0f547f8c8a083fd28d8fef,5cfb1d6bddad9e80ccf3b3a0e86f3415fb138c390c7069d4feaba94d56c8b86b,c:\Program Files (x86)\Windows Mail\wabimp.dll
wabimp.dll,43008,2,3412610622,2078-02-20T19:23:42.000Z,exports,wabimp.dll,LDIFImport,5ef299234e0f547f8c8a083fd28d8fef,5cfb1d6bddad9e80ccf3b3a0e86f3415fb138c390c7069d4feaba94d56c8b86b,c:\Program Files (x86)\Windows Mail\wabimp.dll
wabimp.dll,43008,2,3412610622,2078-02-20T19:23:42.000Z,exports,wabimp.dll,VCFExport,5ef299234e0f547f8c8a083fd28d8fef,5cfb1d6bddad9e80ccf3b3a0e86f3415fb138c390c7069d4feaba94d56c8b86b,c:\Program Files (x86)\Windows Mail\wabimp.dll
wabimp.dll,43008,2,3412610622,2078-02-20T19:23:42.000Z,exports,wabimp.dll,VCFImport,5ef299234e0f547f8c8a083fd28d8fef,5cfb1d6bddad9e80ccf3b3a0e86f3415fb138c390c7069d4feaba94d56c8b86b,c:\Program Files (x86)\Windows Mail\wabimp.dll
wabimp.dll,43008,2,3412610622,2078-02-20T19:23:42.000Z,exports,wabimp.dll,WABImport,5ef299234e0f547f8c8a083fd28d8fef,5cfb1d6bddad9e80ccf3b3a0e86f3415fb138c390c7069d4feaba94d56c8b86b,c:\Program Files (x86)\Windows Mail\wabimp.dll
